det	conf	occ	p1 p2 v1 v2 size	ratio(w/h)
0	0	1	1 1 1 1	36072	1.295
0	0	2	1 1 1 1	17700	1.778
0	0	2	1 1 1 1	6188	5.485
0	0	2	0 1 0 1	43472	2.134
0	0	1	0 1 1 1	41550	1.852
0	0	1	1 1 1 1	35778	2.000
0	0	3	0 1 0 1	57088	1.149
0	0	2	1 1 1 1	8701	1.474
0	0	2	0 1 0 1	143500	1.745
0	0	0	1 1 1 1	58844	0.599
0	0	2	0 1 0 1	48258	3.056
0	0	2	1 1 1 1	23112	1.991
0	0	1	0 1 0 1	7979	1.282
0	0	1	0 1 0 1	4000	1.612
0	0	1	0 1 0 1	8526	0.277
0	0	1	0 1 1 1	1750	1.441
1	-0.4831	1	1 1 1 1	71610	1.627
0	0	2	0 1 0 1	57120	2.239
1	-0.2587	2	0 1 0 1	142590	1.686
1	-0.65625	2	0 1 0 1	71269	1.635
1	-0.46193	2	0 1 0 1	128960	1.911
1	-0.62069	1	1 1 1 1	128892	1.695
1	-0.7387	1	0 1 0 1	92256	2.676
0	0	1	0 1 0 1	44405	3.906
1	-0.70135	2	1 1 1 1	49610	1.181
0	0	2	0 1 0 1	52438	2.135
0	0	2	1 1 1 1	15022	2.767
1	-0.71668	2	1 1 1 1	51816	1.246
0	0	1	1 1 1 1	27004	1.096
1	0.26117	1	1 1 1 1	104976	2.256
1	-0.418	3	0 1 0 1	70892	3.252
0	0	3	0 1 0 1	140958	0.966
1	0.49262	1	0 1 0 1	120786	2.000
0	0	0	0 1 0 1	23217	4.657
1	-0.7091	1	0 1 0 1	141732	0.976
0	0	1	0 1 1 1	15447	4.821
1	-0.85883	2	1 1 1 1	56760	2.091
1	-0.69335	2	0 1 0 1	163183	1.491
0	0	2	0 1 0 1	83054	0.826
1	-0.27238	2	1 1 0 1	83839	2.040
0	0	0	1 1 1 1	10008	0.514
1	-0.23356	1	1 1 1 1	76050	1.504
1	-0.13703	2	0 1 0 1	77745	1.624
1	-0.88287	2	1 1 1 1	70411	2.360
0	0	2	0 1 0 1	178143	1.399
0	0	1	0 1 0 1	77376	3.194
1	-0.80641	3	0 1 1 1	60060	1.126
1	-0.45475	1	1 1 1 1	40600	1.938
1	-0.35287	1	1 1 1 1	77520	2.153
0	0	1	0 1 1 1	20844	1.794
1	-0.85952	2	0 1 1 1	12078	2.800
1	-0.55703	2	0 1 0 1	134862	1.813
0	0	1	1 1 1 1	6962	2.017
1	-0.73531	2	1 1 1 1	94965	2.505
1	-0.40642	2	0 1 0 1	37278	2.885
1	-0.53967	1	0 1 1 1	37204	2.177
1	-0.21058	1	0 1 1 1	7548	2.940
1	-0.04277	1	1 1 1 1	56235	2.123
1	-0.46607	1	1 1 1 1	25938	1.515
0	0	1	1 1 1 1	7875	2.000
1	-0.44047	1	0 1 0 1	120780	2.033
1	-0.50418	3	0 1 0 1	126731	1.607
0	0	0	1 1 1 1	21500	1.379
0	0	0	1 1 1 0	12726	0.800
1	0.31083	1	0 1 0 1	50566	2.962
0	0	2	1 1 1 1	16416	1.411
0	0	2	1 1 1 1	53457	1.791
1	-0.61007	3	0 1 0 1	59740	2.854
1	-0.15358	0	1 1 1 1	49686	1.503
1	-0.52514	1	0 1 0 1	94050	1.245
0	0	2	1 1 1 1	64256	0.980
0	0	2	1 1 1 0	34196	3.245
1	-0.40283	2	0 1 1 1	53200	1.476
1	-0.30187	1	1 1 1 1	72080	1.607
0	0	2	0 1 0 1	124832	0.883
0	0	1	1 1 1 1	45864	1.195
1	-0.38945	3	0 1 0 1	46170	2.545
1	0.27371	2	0 1 1 1	61950	1.983
1	-0.59263	1	1 1 1 1	44200	1.106
1	0.14566	2	0 1 0 1	127958	1.707
1	-0.8001	3	0 1 0 1	136136	1.028
1	-0.010807	1	0 1 0 1	133500	1.876
1	-0.38478	2	0 1 0 1	99591	1.398
0	0	1	0 1 0 1	152516	1.152
1	-0.89982	1	1 0 1 0	33142	1.559
1	-0.50601	1	0 1 1 1	34443	2.078
0	0	1	0 1 1 1	10290	2.116
0	0	1	0 1 1 1	23980	2.028
0	0	1	0 1 0 1	51792	2.135
1	0.05321	1	0 1 1 1	115038	2.161
0	0	2	0 1 0 1	166500	1.503
0	0	2	0 1 0 1	32250	1.945
0	0	1	1 1 1 1	8664	1.507
0	0	1	0 1 0 1	65369	3.831
0	0	1	0 1 0 1	151302	1.357
1	-0.77132	1	1 1 1 1	10788	3.246
0	0	1	0 1 1 1	4386	3.879
0	0	3	0 1 0 1	35723	1.855
1	-0.5522	2	1 1 1 1	81940	1.413
1	-0.46306	3	0 1 0 1	51156	2.377
1	-0.76433	2	0 1 0 1	76405	0.878
1	-0.57741	3	0 1 0 1	103792	2.406
0	0	2	0 1 0 1	42971	4.604
1	-0.54166	2	1 1 1 1	86680	2.240
0	0	1	1 1 1 0	21980	0.891
1	-0.76379	2	0 1 0 1	62205	1.639
1	-0.13617	2	1 1 1 1	67925	1.558
1	-0.68272	1	0 1 0 1	72500	3.465
1	-0.079396	2	1 1 1 1	116312	1.895
1	-0.87941	2	0 1 1 1	32663	4.159
1	-0.45218	2	0 1 1 1	48576	1.571
1	-0.90455	2	0 1 1 1	95432	1.047
1	-0.79034	1	0 1 0 1	66893	2.947
1	-0.81728	1	0 1 0 1	120848	0.912
1	-0.4768	1	1 1 1 1	74108	2.037
1	-0.7414	2	0 1 1 1	69915	2.239
1	-0.93498	3	0 1 0 1	165000	1.517
1	-0.86999	1	1 1 1 1	53550	1.858
0	0	2	1 1 1 1	34362	1.810
0	0	2	0 1 0 1	172326	0.807
1	-0.76954	2	0 1 0 1	149296	1.650
1	-0.50913	0	1 1 1 0	58968	0.928
1	-0.90283	2	0 1 0 1	168000	0.837
0	0	2	1 1 1 1	7220	1.253
1	-0.82	1	1 1 1 1	43806	1.980
1	0.17891	2	1 1 1 1	112050	2.219
0	0	0	1 1 1 1	25551	1.092
1	-0.61643	2	1 1 1 1	18966	1.602
0	0	1	1 1 1 1	23940	1.512
0	0	3	0 1 1 1	12675	3.031
0	0	2	1 1 1 1	89102	1.003
1	-0.71411	1	0 1 0 1	169000	1.481
0	0	3	0 1 0 1	101559	1.200
1	-0.16388	1	1 1 1 1	20608	1.649
1	-0.73716	1	1 1 1 1	7905	1.095
1	-0.70854	1	0 1 1 1	8625	1.541
1	-0.21099	1	0 1 1 1	7049	2.538
0	0	2	1 1 1 1	4380	0.819
1	-0.15596	2	0 1 0 1	104647	2.035
1	-0.71065	2	0 1 0 1	91154	1.612
1	-0.46245	1	0 1 1 1	145000	1.727
1	-0.30685	2	0 1 1 1	53088	1.886
0	0	1	1 1 1 1	20700	1.570
0	0	1	0 1 1 1	20383	0.581
0	0	0	1 1 1 1	21222	1.238
1	-0.765	2	0 1 1 1	49997	1.674
0	0	2	0 1 0 1	180306	1.311
1	-0.63862	1	1 1 1 0	3819	0.848
1	-0.75375	2	0 1 0 1	51474	2.715
0	0	2	1 1 1 1	34182	1.304
1	-0.14725	1	0 1 1 1	80275	2.821
1	-0.87583	0	1 1 1 1	15840	1.622
1	-0.10049	1	1 1 1 1	36894	1.810
1	-0.32326	2	0 1 0 1	142000	1.763
1	-0.25054	2	0 1 1 1	59444	2.516
1	0.79448	1	1 1 1 1	44274	2.236
1	-0.38204	1	1 1 1 1	36273	3.189
1	-0.23074	2	0 1 0 1	153692	1.622
1	-0.64286	1	0 1 0 1	116584	2.098
0	0	0	1 1 1 0	11102	0.744
1	-0.57463	2	1 1 1 1	31800	1.416
0	0	1	1 1 1 1	11433	1.078
1	-0.54654	1	0 1 1 1	28449	2.407
1	-0.7531	2	0 1 0 1	30959	4.537
1	-0.57063	1	0 1 1 1	36828	2.407
0	0	2	0 1 1 1	27068	2.670
1	-0.92722	2	0 1 1 1	77520	1.193
0	0	1	1 1 1 0	32747	1.606
1	-0.56915	2	1 1 1 1	42935	1.792
1	-0.70947	1	1 1 1 1	23166	1.134
1	-0.57128	1	0 1 0 1	83990	1.633
1	-0.46845	2	0 1 1 1	148840	1.602
1	-0.80182	1	0 1 1 1	37248	2.283
1	-0.93031	2	0 1 1 1	69764	2.636
1	-0.36167	2	0 1 1 1	94354	1.549
1	-0.2902	2	1 1 1 1	154567	1.600
1	-0.15486	1	1 1 1 1	19418	1.098
0	0	1	1 1 1 0	36464	1.234
1	-0.77043	1	0 1 0 1	123000	2.037
1	-0.62018	3	0 1 0 1	77173	1.474
0	0	2	0 1 0 1	154577	0.708
0	0	2	0 1 1 1	39037	3.706
0	0	1	1 1 1 1	6643	0.800
0	0	2	0 1 1 1	78496	2.543
1	-0.37483	1	0 1 1 1	80352	3.075
1	-0.69198	1	1 1 1 1	18860	1.430
1	-0.65888	0	1 1 1 1	45276	1.179
0	0	1	0 1 1 1	54000	4.664
1	-0.38887	2	0 1 1 1	91800	2.212
1	-0.32096	2	0 1 1 1	43429	2.324
1	-0.25489	2	0 1 1 1	91264	2.705
1	-0.33651	2	0 1 1 1	72000	1.424
1	-0.92699	2	0 1 0 1	174096	1.414
1	-0.54168	2	0 1 1 1	70490	1.004
1	-0.51227	2	1 1 1 1	18318	1.102
0	0	1	0 1 0 1	145416	1.708
1	-0.5093	1	1 1 1 1	60997	1.867
0	0	1	0 1 1 1	48138	3.795
0	0	1	1 1 1 1	13375	1.170
1	-0.72787	1	0 1 0 1	173153	1.439
1	-0.14619	2	0 1 1 1	65527	2.538
1	-0.4399	2	0 1 1 1	64020	1.324
1	-0.93765	2	0 1 1 1	37760	1.478
1	-0.19593	1	1 1 1 1	60564	2.815
0	0	2	0 1 1 1	17936	1.291
0	0	1	1 1 1 0	5576	0.827
