det	conf	occ	p1 p2 p3 p4 v1 v2 v3 v4 v5 size	ratio(w/h)
0	0	2	1 1 1 0 0 1 0 1 0	3450	1.388
1	-0.42452	2	1 1 0 1 0 0 0 1 1	18928	0.661
0	0	2	1 1 0 1 0 0 0 1 1	18480	0.677
0	0	1	1 1 1 1 0 1 0 0 1	40482	0.738
1	-0.11678	0	1 1 0 1 0 1 0 1 1	4160	0.646
1	0.001517	1	1 1 0 1 0 0 0 1 1	5768	0.539
1	-0.18558	0	1 1 0 1 0 0 0 1 1	5356	0.500
1	0.091302	0	1 1 0 1 0 0 1 0 1	6720	0.532
1	-0.59513	1	1 1 1 1 0 0 0 1 0	32956	0.718
0	0	0	1 0 1 1 0 0 1 1 0	24336	1.000
0	0	0	0 0 1 1 0 1 0 1 0	5310	0.376
1	-1.1778	1	1 1 1 0 0 1 0 0 0	85144	1.584
1	-0.39765	1	1 1 0 1 0 0 1 1 0	6767	0.660
1	-0.76519	0	1 1 1 1 0 1 0 1 1	10764	0.439
0	0	0	1 1 1 1 0 1 0 1 1	13248	0.693
1	-0.2655	0	1 1 1 1 0 1 0 1 1	8736	0.694
1	-0.36762	1	1 1 1 1 0 1 0 0 0	3312	0.634
0	0	1	1 1 0 0 0 0 1 1 1	12221	0.833
0	0	2	1 1 0 1 0 0 1 1 1	8880	0.718
1	-0.94635	1	1 1 0 0 0 0 1 1 1	9680	0.798
0	0	3	1 1 0 0 0 1 0 1 0	2254	0.938
0	0	2	1 1 0 0 0 1 0 1 0	1872	1.237
1	-0.83499	1	1 1 0 1 0 0 0 1 0	15246	0.960
0	0	0	1 0 0 0 0 0 1 0 0	20979	1.709
1	-0.95371	1	1 0 0 1 0 1 0 1 0	9198	0.428
1	-1.003	0	1 1 1 1 0 1 0 0 1	39010	0.705
1	-0.69269	0	1 1 0 1 0 1 0 0 0	23718	0.756
0	0	1	1 1 1 1 0 1 0 0 1	10092	0.748
0	0	2	1 1 0 1 0 1 0 1 0	1988	0.386
0	0	1	1 1 0 1 0 0 1 1 0	3744	0.718
1	-0.85267	1	1 1 1 0 0 1 0 1 1	52875	1.045
1	-0.38408	1	1 1 0 1 0 0 0 1 1	22700	0.438
0	0	0	1 1 0 1 0 0 0 1 1	29380	0.573
1	-0.7263	1	1 0 1 0 0 1 0 1 0	15836	0.721
0	0	2	1 0 1 0 0 0 0 1 0	13653	1.109
1	0.17522	0	1 1 0 1 0 1 0 1 1	22912	0.713
1	-0.69529	1	1 1 1 0 0 1 0 0 1	19200	0.852
0	0	1	1 0 0 1 0 0 1 1 0	3526	0.519
0	0	0	1 1 1 0 0 1 0 0 1	18060	1.086
1	-0.61523	0	1 1 1 0 0 1 0 0 1	18352	1.195
1	-0.58894	0	1 0 0 1 0 0 1 0 0	11753	0.450
0	0	1	1 1 0 1 0 0 0 1 0	3432	0.558
1	-0.34834	2	1 1 0 1 0 0 0 1 0	11136	0.677
1	-0.16674	0	1 1 0 1 0 0 1 1 1	12285	0.897
0	0	0	1 1 0 0 0 0 1 1 0	9765	0.885
1	-0.69627	0	1 1 0 0 0 0 1 1 0	12650	1.046
1	-1.013	0	1 1 1 0 0 0 0 1 1	3840	0.595
0	0	1	1 1 0 1 0 0 1 0 1	2754	1.060
0	0	1	1 1 0 0 0 0 1 1 1	2744	1.146
0	0	2	1 1 1 0 0 0 0 1 1	2684	0.717
0	0	1	1 1 1 1 0 0 0 1 1	2346	0.485
1	-0.78993	1	1 1 1 1 0 0 0 1 1	4450	0.557
0	0	1	1 1 0 1 0 0 1 0 1	3132	0.930
1	-0.58224	1	1 1 1 1 0 0 0 1 1	4180	0.720
0	0	2	1 1 1 0 0 1 0 1 1	3528	0.676
0	0	1	1 1 1 1 0 0 0 1 1	1908	0.673
0	0	3	1 1 1 1 0 0 0 1 1	3212	0.597
1	-0.35384	2	1 1 1 1 0 0 0 1 1	4602	0.753
1	-0.93947	1	1 0 0 1 0 0 1 0 0	20216	0.874
0	0	1	1 0 0 1 0 0 1 1 0	12600	0.408
0	0	1	1 0 0 1 0 0 1 1 1	21976	0.816
0	0	1	1 0 0 0 0 0 1 1 1	19668	0.885
1	-0.59112	1	0 0 1 1 0 0 0 1 1	20758	0.451
1	-1.0498	1	1 1 1 0 0 1 0 0 0	129058	1.078
0	0	2	0 0 1 0 0 1 0 1 1	78625	2.304
0	0	1	1 1 1 1 0 0 0 1 1	84626	0.811
1	-0.98563	1	1 1 1 0 0 1 0 0 0	187500	1.334
0	0	0	1 1 1 0 0 1 0 1 0	41825	1.368
0	0	0	1 1 1 0 0 1 0 1 0	50470	1.190
1	-0.96384	2	1 1 0 0 0 0 0 1 1	165501	1.494
1	-0.71141	2	1 1 0 1 0 1 0 1 0	65626	0.665
1	-0.67344	1	1 1 0 0 0 0 1 1 1	85408	1.155
0	0	1	1 1 0 1 0 0 1 1 1	55216	0.745
0	0	2	1 0 1 0 0 1 0 1 0	87348	1.388
1	-1.1754	1	1 1 1 0 0 1 0 1 1	112200	1.030
0	0	2	0 1 0 0 0 1 0 0 0	18900	0.839
1	-0.76881	0	1 1 0 1 0 0 1 1 0	15660	0.858
1	-0.43699	1	1 1 1 0 0 1 0 0 0	4968	0.958
1	-1.1384	2	1 0 1 0 0 1 0 1 0	51759	1.142
1	-1.0946	2	1 1 1 0 0 1 0 1 0	29376	0.796
1	1.668	0	1 1 1 1 0 1 0 0 0	17160	0.628
0	0	1	1 1 1 0 0 1 0 1 0	9900	1.225
1	-1.0511	2	1 1 1 0 0 1 0 0 0	112176	0.959
0	0	2	1 0 1 0 0 0 0 1 0	12183	0.708
1	-0.89353	0	1 1 0 0 0 1 0 1 1	131705	1.045
0	0	1	1 1 0 0 0 1 0 1 1	18848	0.815
1	-0.93524	2	1 0 0 0 0 1 0 0 0	77380	1.725
1	-0.9458	1	1 1 1 1 0 0 0 1 1	27400	0.683
1	-0.88304	0	1 1 1 1 0 1 0 0 1	53040	0.921
0	0	0	1 0 0 1 0 0 1 1 0	7992	0.682
1	-0.99755	1	1 0 0 0 0 0 1 0 0	8769	0.709
0	0	2	1 0 0 0 0 1 0 1 0	8510	0.640
1	-0.63951	1	1 1 0 1 0 0 1 1 0	22977	0.534
0	0	1	1 1 0 1 0 1 0 1 1	20246	0.553
1	-0.78378	1	1 1 1 0 0 1 0 1 1	26850	0.837
1	-0.75392	1	1 1 0 1 0 0 1 1 1	10875	0.514
0	0	3	1 0 0 0 0 1 0 0 0	8349	0.567
0	0	2	1 1 0 0 0 0 1 0 0	15444	0.885
1	-0.88863	1	1 1 0 0 0 0 0 1 1	37228	0.721
0	0	1	1 1 0 0 0 0 0 1 1	24566	0.820
1	-0.1025	0	1 1 1 1 0 0 0 1 1	14469	0.570
0	0	1	1 1 1 0 0 0 0 1 0	9042	0.478
0	0	2	1 1 1 0 0 0 0 1 0	5668	0.472
1	-0.43422	0	1 1 0 1 0 0 1 0 1	19968	0.539
0	0	2	1 1 1 0 0 0 0 1 0	5159	0.868
1	-0.20278	0	1 1 1 1 0 0 0 1 0	13588	0.541
0	0	2	1 0 0 1 0 0 1 1 0	3311	0.553
1	0.27625	2	1 0 0 0 0 1 0 0 0	6832	0.541
0	0	0	1 1 1 0 0 0 0 1 1	51800	1.695
1	-1.0325	3	0 0 1 0 0 1 0 0 0	110162	2.221
0	0	2	1 0 0 0 0 1 0 1 0	5063	1.367
1	-0.87375	1	1 1 0 1 0 0 0 1 0	15386	0.622
0	0	0	1 1 0 1 0 0 1 0 1	26815	1.117
0	0	0	1 1 1 1 0 0 1 1 0	11481	0.688
1	-0.73964	0	1 0 1 1 0 0 1 0 0	11305	0.636
1	-0.96332	1	1 1 0 0 0 0 1 0 1	31959	1.266
1	-0.97387	1	1 1 0 0 0 0 0 1 1	32164	1.088
0	0	2	1 1 0 0 0 1 0 0 0	42486	0.885
1	-0.41158	0	1 1 0 1 0 1 0 0 1	7752	0.743
0	0	2	1 1 0 1 0 0 1 0 0	6270	0.691
0	0	1	1 1 0 1 0 1 0 0 0	4732	0.567
1	-1.0844	2	1 1 0 1 0 0 1 1 0	19200	1.173
0	0	1	1 1 1 1 0 1 0 0 0	6552	0.928
0	0	0	1 1 1 0 0 1 0 1 1	23068	1.083
0	0	1	1 1 1 1 0 1 0 1 0	10300	0.971
1	-0.52458	0	1 1 1 1 0 0 1 1 0	6308	0.915
1	-0.76237	1	1 1 1 0 0 0 0 1 0	3245	0.931
1	-1.0788	1	1 1 1 0 0 1 0 1 1	30076	0.707
0	0	1	1 1 1 0 0 0 1 1 1	53754	1.557
0	0	0	1 1 1 0 0 1 0 0 0	6438	0.849
0	0	1	1 1 1 0 0 1 0 0 0	7007	0.844
1	-0.90461	1	1 1 0 0 0 1 0 1 1	18733	0.915
1	-0.90255	1	1 1 0 1 0 1 0 1 0	23199	0.529
1	-0.95482	1	1 1 0 1 0 1 0 1 1	17423	0.985
0	0	1	1 1 0 0 0 1 0 1 1	6720	0.726
1	-0.13099	1	1 1 0 1 0 1 0 1 1	5600	0.441
1	-0.82481	0	1 1 0 1 0 1 0 1 0	8268	0.733
0	0	2	1 1 1 0 0 1 0 1 0	43071	0.500
1	-0.75216	0	1 1 1 1 0 0 1 0 1	33369	0.646
1	-1.099	1	0 1 0 1 0 0 0 1 1	129978	1.912
1	-0.74107	1	1 1 0 1 0 0 1 0 0	10496	0.638
1	-0.98553	1	1 1 1 1 0 0 0 1 0	9676	0.692
0	0	0	0 1 0 1 0 0 0 1 0	33687	0.867
1	-0.66016	0	1 1 1 1 0 0 1 1 0	15000	0.664
0	0	3	1 0 0 1 0 1 0 1 0	4935	0.442
0	0	2	0 1 0 1 0 0 0 1 0	2065	0.586
1	-0.74577	0	1 1 1 0 0 1 0 1 1	20670	0.816
0	0	0	1 1 0 1 0 1 0 1 0	2576	0.818
1	-0.55471	0	1 1 0 1 0 0 1 1 1	31140	0.961
1	-0.02052	1	1 1 0 1 0 0 1 1 1	22272	0.602
1	0.026371	2	1 1 0 1 0 1 0 1 1	25168	0.427
0	0	1	1 1 0 0 0 1 0 0 1	110035	0.790
1	-0.77132	1	1 1 0 1 0 1 0 1 1	25110	1.045
1	-1.0492	0	1 1 0 1 0 0 1 1 0	9196	0.625
1	-0.96222	0	1 1 0 1 0 1 0 1 0	9594	0.698
0	0	0	1 1 0 1 0 0 1 1 1	32035	0.692
1	-0.90593	1	1 1 0 1 0 1 0 1 1	25472	0.641
0	0	1	1 1 0 1 0 1 0 1 1	26418	0.534
1	-1.0321	0	0 1 0 1 0 0 1 1 1	16898	0.837
1	-0.87813	0	0 1 1 0 0 1 0 1 1	8700	0.869
0	0	0	1 1 0 1 0 1 0 0 0	1716	0.627
0	0	0	1 1 0 1 0 1 0 1 0	2100	0.837
0	0	0	1 1 0 1 0 1 0 1 0	2255	0.741
0	0	0	1 0 1 1 0 1 0 1 0	2376	0.811
1	-1.0613	1	1 1 0 1 0 1 0 0 0	16770	0.360
1	-0.25244	0	1 1 0 1 0 1 0 0 0	12070	0.596
1	-0.31692	1	1 1 1 1 0 1 0 1 0	5063	0.732
1	-0.024788	0	1 1 1 1 0 0 1 1 0	5148	0.844
1	-1.0837	3	0 1 1 0 0 1 0 1 0	140184	1.591
0	0	1	1 1 1 0 0 1 0 1 1	11663	0.981
1	-0.6634	0	1 1 0 1 0 1 0 0 1	9425	0.444
0	0	0	1 0 1 1 0 0 1 1 1	28140	0.636
1	-1.1409	2	1 1 1 0 0 1 0 1 0	112200	1.485
0	0	3	1 1 0 1 0 1 0 1 0	37324	2.439
1	-0.47784	0	1 1 0 1 0 0 1 0 1	13728	0.786
1	-0.6042	0	1 1 0 1 0 0 1 0 1	14848	0.906
1	-0.17822	1	1 1 0 1 0 0 0 1 1	9130	0.327
0	0	1	1 1 1 0 0 1 0 1 1	18576	1.117
1	0.24565	1	1 0 0 1 0 0 1 0 0	5035	0.553
1	-0.9771	3	1 0 1 0 0 1 0 1 0	104120	0.720
1	-0.24998	1	1 1 0 1 0 1 0 1 0	28200	0.797
1	-0.006999	1	1 1 0 1 0 0 1 1 1	24750	0.629
1	0.19593	1	1 1 0 1 0 0 1 1 1	22620	0.746
0	0	0	1 1 1 0 0 0 0 1 0	14596	2.185
0	0	3	1 0 1 0 0 0 0 1 0	3392	1.212
0	0	2	1 1 1 1 0 1 0 1 0	16543	0.302
1	0.53189	1	1 1 0 1 0 0 1 0 1	43776	0.526
1	0.63009	0	1 1 0 1 0 1 0 0 1	65110	0.442
1	-0.90017	1	1 1 0 1 0 0 0 1 0	13559	0.608
1	-0.77756	1	1 1 1 0 0 1 0 1 1	25375	1.208
1	-0.14028	1	1 1 0 1 0 0 1 1 1	3526	0.519
1	-0.032537	0	1 1 1 1 0 0 0 1 0	6240	0.573
1	-1.0538	1	1 1 0 1 0 1 0 0 0	6288	0.362
0	0	2	1 0 1 0 0 1 0 1 0	49020	1.360
1	-0.35521	1	1 1 1 0 0 1 0 1 0	7920	0.806
0	0	1	1 1 1 0 0 1 0 1 0	5060	0.593
1	-0.75214	0	1 1 0 1 0 0 1 1 0	27270	0.667
1	-0.3019	1	1 1 0 1 0 1 0 1 1	18000	0.799
1	-0.5828	0	1 1 0 1 0 1 0 0 1	8400	0.667
0	0	0	1 1 1 1 0 1 0 0 1	11830	0.698
1	-1.0649	1	1 1 1 0 0 1 0 0 1	14859	0.921
1	-0.68005	1	1 1 1 1 1 1 0 1 0	56445	0.803
0	0	1	1 0 0 1 0 0 1 1 0	2408	0.764
0	0	1	1 0 0 1 0 0 1 0 0	5200	0.810
1	-1.0256	1	1 1 0 0 0 0 1 1 1	21432	0.927
0	0	1	1 1 0 0 0 0 1 1 1	24140	1.199
1	-0.76245	0	1 1 1 0 0 1 0 0 1	12312	0.947
1	-0.73475	0	1 1 1 0 0 1 0 1 1	19257	0.890
1	-0.54119	1	1 1 1 1 0 0 1 1 0	3920	0.608
1	-0.6709	1	1 0 1 0 0 1 0 0 0	28800	1.126
0	0	2	1 1 0 1 0 1 0 1 0	5904	0.877
1	0.072239	0	1 1 1 1 0 0 1 1 0	8532	0.729
1	-1.1197	2	1 1 1 0 0 1 0 0 1	182634	1.364
0	0	0	1 1 0 1 0 0 1 0 1	8881	0.774
0	0	1	1 1 0 1 0 0 1 1 1	12296	0.913
1	-0.49051	2	1 0 0 1 0 0 0 1 1	9416	0.821
0	0	1	1 1 0 1 0 0 1 0 0	3360	0.932
0	0	2	1 1 1 0 0 1 0 1 1	6020	0.812
1	-1.0875	0	1 1 1 1 0 0 1 1 1	31717	1.225
0	0	0	1 0 0 1 0 1 0 0 0	6955	0.604
1	-1.1002	0	1 0 0 0 0 0 1 0 1	27118	1.223
1	-0.88258	0	1 1 0 1 0 0 0 1 1	6734	0.811
0	0	2	1 1 0 1 0 1 0 1 0	5456	0.701
0	0	1	1 1 0 1 0 0 0 1 0	1989	0.760
0	0	1	1 0 0 0 0 0 1 1 1	34744	1.175
0	0	0	1 0 1 0 0 0 0 1 0	15400	0.784
1	-1.1539	1	1 1 0 1 1 0 1 1 0	66878	1.181
1	-0.50714	0	1 1 0 1 0 1 0 0 1	10956	0.626
1	0.004617	0	1 1 0 1 0 1 0 0 1	9384	0.489
1	-0.89419	0	1 1 0 1 0 1 0 0 1	13095	0.716
0	0	0	1 1 0 1 0 1 0 0 0	8613	0.878
0	0	0	1 1 0 0 0 1 0 0 0	4070	1.352
0	0	1	1 1 0 1 0 1 0 0 1	11815	0.609
1	-0.67866	2	1 0 0 1 0 1 0 0 1	8418	0.562
1	-0.10023	1	1 1 0 1 0 0 1 0 1	8584	0.635
0	0	1	0 1 0 1 0 0 1 0 0	7169	0.623
1	-0.75133	1	1 0 0 1 0 0 1 0 0	15255	0.836
0	0	1	1 1 0 1 0 0 1 1 0	16750	1.073
1	0.032723	1	1 1 0 1 0 1 0 1 1	13568	0.827
0	0	3	1 0 0 1 0 0 1 0 0	6806	1.012
0	0	2	1 0 0 1 0 0 1 0 0	4402	0.871
0	0	2	1 1 0 0 0 1 0 1 0	5358	0.602
0	0	1	1 1 0 0 0 1 0 1 0	4600	0.538
1	-0.47741	1	1 0 0 1 0 0 1 1 0	11484	0.376
0	0	2	1 1 0 0 0 0 0 1 0	10251	0.434
1	-0.82062	1	1 1 0 0 0 0 0 1 1	17584	0.712
0	0	1	1 1 0 1 0 0 0 1 0	11919	0.632
1	-0.91041	0	1 1 1 1 0 1 0 1 1	8652	0.814
1	-0.48326	1	1 1 0 1 0 1 0 1 0	6969	0.680
1	-0.7664	0	1 1 0 1 0 1 0 1 0	7668	0.654
0	0	0	1 1 0 1 0 1 0 0 0	6656	0.612
0	0	0	1 1 1 1 0 0 1 1 1	25350	1.128
0	0	2	1 1 0 1 0 0 0 1 0	12096	0.760
1	0.58856	1	1 1 0 1 0 0 1 1 1	17270	0.699
0	0	3	1 0 0 1 0 1 0 0 0	5848	0.788
1	-0.020038	0	1 0 0 0 0 0 1 0 0	36600	0.915
0	0	0	1 1 1 1 0 1 0 0 1	7755	0.386
0	0	1	1 0 0 0 0 0 1 1 1	19448	0.951
0	0	2	1 1 0 0 0 1 0 1 1	9384	0.901
1	0.18019	1	1 1 0 1 0 1 0 1 1	31382	0.641
0	0	1	1 1 1 0 0 1 0 1 0	10476	0.897
1	-0.12047	1	1 1 1 1 0 1 0 1 0	8280	0.571
1	-0.20172	0	1 1 0 1 0 0 1 0 0	9072	0.568
1	-0.41642	1	1 1 1 1 0 0 0 1 0	8000	0.508
0	0	0	1 1 0 1 0 0 1 1 1	17640	0.899
0	0	1	1 1 0 1 0 0 1 1 1	11858	1.237
1	-0.98283	1	1 0 0 1 1 0 1 1 0	61248	0.601
0	0	0	1 1 0 1 0 1 0 1 1	20584	0.745
0	0	0	1 1 0 1 0 1 0 1 1	16800	0.654
0	0	2	1 1 0 0 0 1 0 1 0	14706	0.883
1	-0.28683	2	1 0 0 1 0 1 0 0 0	14784	0.521
1	1.1173	1	1 1 0 1 0 0 0 1 1	21056	0.594
1	1.1684	1	1 1 0 1 0 0 0 1 1	22116	0.585
1	1.0121	0	1 1 0 1 0 0 1 0 1	25212	0.689
1	0.82518	0	1 1 0 1 0 0 1 0 1	27522	0.701
0	0	1	1 1 1 1 0 1 0 1 0	22800	1.013
1	-0.92341	1	1 1 1 1 0 1 0 1 0	11745	0.556
1	-0.16518	0	1 1 0 1 0 0 1 0 0	3300	0.581
1	-0.98267	2	1 0 1 0 0 0 0 1 1	11800	1.182
1	-0.9618	0	1 1 1 0 0 1 0 1 1	6750	0.831
0	0	2	1 1 0 0 0 1 0 0 1	8112	0.748
0	0	2	1 1 0 1 0 1 0 1 1	15408	0.741
0	0	1	1 0 1 1 0 0 0 1 1	52371	0.817
1	-0.49692	2	1 1 0 1 0 0 0 1 1	24276	0.581
0	0	0	1 1 0 0 0 0 1 0 1	15498	2.321
0	0	0	1 0 1 1 0 0 0 1 0	8326	0.250
1	-0.99203	1	1 1 0 0 0 1 0 0 0	18476	1.203
1	-0.62756	0	1 1 0 1 0 1 0 1 0	12744	0.915
1	-0.8931	2	1 1 1 0 0 1 0 1 0	98262	0.972
1	-0.91233	1	1 1 1 0 0 1 0 1 0	24084	0.482
1	0.18895	0	1 1 0 1 0 1 0 1 1	14938	0.627
1	-0.91948	0	1 1 1 1 0 0 0 1 1	24070	1.146
0	0	0	1 0 1 0 0 0 1 0 1	21965	1.667
1	-0.044638	0	1 1 0 1 0 0 1 0 1	19642	0.756
1	-0.33064	1	1 1 0 1 0 0 0 1 1	24552	0.624
0	0	2	1 1 0 1 0 0 1 1 0	7308	1.036
1	-0.98423	0	1 1 1 0 0 1 0 0 1	116202	1.128
0	0	2	1 1 0 1 0 1 0 1 1	91086	1.146
1	-0.88878	0	1 1 0 1 0 0 1 0 1	4690	0.957
0	0	1	1 1 0 1 0 1 0 0 0	2132	0.784
1	-0.67697	2	1 1 1 1 0 1 0 1 0	4752	0.915
1	-0.26127	2	1 1 1 1 0 1 0 1 0	4615	0.914
1	0.21428	1	1 1 1 1 0 1 0 1 0	6300	0.775
1	-0.61316	1	1 1 0 1 0 0 1 1 1	5184	0.558
0	0	1	1 1 0 1 0 1 0 1 0	10824	0.713
1	-0.93678	1	1 1 0 1 0 1 0 1 0	4959	0.651
0	0	1	1 1 0 1 0 0 1 1 0	2370	0.372
1	0.57952	1	1 1 0 1 0 0 1 1 0	4840	0.621
1	-0.99946	1	1 1 1 0 0 0 1 1 1	75446	1.333
1	-0.30665	0	1 1 1 1 0 1 0 1 0	14300	0.845
1	-0.9062	1	1 1 1 0 0 1 0 1 0	11312	1.110
1	0.46556	1	1 1 0 1 0 0 1 1 0	14529	0.518
0	0	2	1 0 0 1 0 0 0 1 0	11627	0.507
1	-1.007	2	1 1 1 0 0 1 0 0 0	53784	0.867
1	-0.33049	0	1 1 0 1 0 0 0 1 0	6885	0.373
1	-0.44042	1	1 0 1 1 0 0 1 1 1	32399	0.989
1	-0.84314	0	1 1 1 1 0 0 0 1 0	2714	0.776
1	-0.95941	0	1 1 1 0 0 1 0 1 1	130620	1.352
1	-0.72941	1	1 1 1 1 0 0 1 0 0	7904	0.728
1	-0.92014	0	1 1 1 0 0 1 0 1 1	54600	1.438
1	-0.96908	1	1 1 1 1 0 1 0 1 1	54036	0.962
0	0	2	1 1 0 0 0 0 0 1 1	3105	0.647
0	0	1	1 1 0 0 0 0 0 1 1	4307	0.806
0	0	1	1 1 0 1 0 1 0 1 1	8364	0.549
1	-0.60468	1	1 1 0 1 0 1 0 1 1	18000	0.447
1	-0.97689	1	1 0 1 1 0 0 1 1 0	8075	0.894
0	0	3	1 0 1 0 0 1 0 0 0	9504	1.845
1	-0.74344	1	1 1 0 1 0 1 0 1 0	34100	0.703
1	-0.94437	1	1 1 1 0 0 1 0 1 0	19968	1.220
1	-0.77487	2	1 1 0 1 0 0 0 1 1	21038	0.853
1	-0.91065	2	1 0 0 1 0 1 0 1 1	11455	0.542
0	0	1	1 0 0 1 0 1 0 1 0	4374	0.662
0	0	2	1 0 0 0 0 1 0 1 0	3096	0.592
0	0	1	1 1 0 1 0 1 0 0 0	20769	0.800
1	-0.92784	2	1 1 1 0 0 1 0 1 0	53946	1.095
1	-0.97251	0	0 1 1 0 0 1 0 1 1	7590	0.570
0	0	0	1 1 1 1 0 1 0 0 1	93749	0.619
1	-1.136	1	0 1 0 1 0 1 0 1 1	15360	1.067
0	0	1	1 1 0 0 0 0 0 1 1	9135	1.209
0	0	2	1 1 0 0 0 0 0 1 1	3360	0.470
0	0	3	1 1 0 1 0 0 0 1 0	3770	0.891
0	0	3	1 1 0 1 0 1 0 1 0	1632	0.620
0	0	2	1 0 0 1 0 0 1 1 0	2430	0.830
0	0	1	1 0 0 0 0 0 1 0 0	1296	0.239
1	-0.99114	1	1 1 0 1 0 1 0 0 0	42594	0.811
1	-0.96415	1	1 1 0 0 0 0 1 1 1	15900	1.419
1	-0.96256	2	1 0 1 0 0 1 0 1 0	92590	1.679
0	0	3	1 0 1 0 0 1 0 1 0	36157	1.209
1	-0.86136	2	1 1 1 0 0 1 0 0 1	52185	0.869
1	-0.94797	2	1 1 1 0 0 1 0 0 1	72790	1.156
1	-0.1597	0	1 1 0 1 0 0 0 1 0	30284	0.419
1	-1.1231	0	1 1 1 0 0 1 0 1 1	19584	1.197
1	-0.25225	1	1 1 0 1 0 0 0 1 1	7326	0.591
0	0	1	0 1 1 0 0 0 1 1 1	32239	3.059
1	-0.99264	0	1 1 0 0 0 1 0 1 1	82845	0.834
1	-0.83868	0	1 1 0 1 0 0 1 1 1	13482	0.848
1	-1.1202	0	1 1 0 1 0 0 0 1 1	12741	0.676
0	0	2	1 1 0 1 0 1 0 1 0	18624	0.503
1	-0.63779	1	1 1 0 1 0 0 1 1 0	9594	0.698
1	-0.72499	1	1 1 0 1 0 0 1 1 0	11648	0.928
1	-1.0844	0	1 0 0 0 0 0 0 1 1	9536	0.426
0	0	0	1 1 0 1 0 1 0 1 0	7150	0.345
1	-0.40761	0	1 1 0 1 0 1 0 1 1	34944	1.055
0	0	1	1 1 0 1 0 0 0 1 1	6696	0.570
1	-0.76779	1	1 1 0 1 0 0 1 0 0	6072	0.714
0	0	1	1 1 0 1 0 0 1 0 1	4977	0.795
0	0	2	1 1 0 1 0 0 1 1 1	4256	0.733
1	-1.1609	2	1 0 1 0 0 1 0 0 0	104291	2.394
1	-0.89137	2	1 1 0 0 0 1 0 1 1	21868	0.922
1	-0.66763	0	1 1 1 0 0 1 0 1 0	6256	0.736
1	-0.86021	2	0 0 1 0 0 1 0 1 1	45936	1.173
1	-0.42765	1	1 1 0 1 0 0 1 1 1	29127	0.606
1	-1.0552	0	1 1 0 1 0 1 0 1 1	45046	0.905
1	-0.93652	1	1 1 0 1 0 1 0 1 1	24753	0.495
1	-0.11691	2	1 1 0 1 0 0 1 1 0	15704	0.687
0	0	1	1 1 0 1 0 0 1 1 0	3444	0.482
1	-1.0477	1	1 1 1 0 0 1 0 0 1	186500	1.341
1	-0.97542	1	1 1 0 0 0 0 1 1 1	28880	0.799
1	-0.9723	0	1 1 1 0 0 0 0 1 1	25668	1.675
1	-0.81699	0	1 1 0 1 0 1 0 1 0	8979	0.590
1	-0.43121	1	1 1 0 1 0 1 0 1 0	8960	0.712
0	0	0	1 1 0 0 0 1 0 1 0	8850	1.581
1	-0.97845	3	1 1 0 1 0 0 0 1 0	12426	0.956
1	-1.1648	1	1 1 1 0 0 1 0 0 0	44884	1.169
1	-0.98306	1	1 1 1 0 0 1 0 1 0	50566	1.359
1	-0.97859	3	1 0 0 0 0 1 0 1 0	18422	0.807
0	0	1	1 1 1 1 0 1 0 1 1	6806	1.012
0	0	1	1 1 1 0 0 1 0 1 1	8008	0.967
1	-1.1712	0	1 1 0 1 1 1 0 0 0	78364	1.044
1	-1.1078	1	1 1 1 0 0 1 0 0 0	160820	1.150
1	0.41465	0	1 1 0 1 0 0 0 1 1	10044	0.650
0	0	2	1 1 0 1 0 0 0 1 1	3965	0.938
0	0	1	1 1 0 1 0 0 1 0 0	1377	0.520
0	0	1	1 1 0 1 0 0 1 0 0	1250	0.490
0	0	1	1 1 0 1 0 0 1 1 0	1316	0.587
0	0	0	1 1 0 1 0 1 0 0 1	20160	0.455
1	-1.11	1	1 1 1 0 0 1 0 1 0	100710	0.723
0	0	1	1 0 0 1 0 0 1 0 0	2820	0.780
0	0	0	1 0 0 1 0 0 1 0 0	3055	0.719
0	0	1	1 0 0 1 0 0 1 0 0	3016	0.895
0	0	0	1 0 1 1 0 0 0 1 0	2480	0.639
0	0	0	1 1 0 1 0 0 0 1 0	1040	0.373
1	-0.70729	1	1 1 1 1 0 1 0 1 1	12546	0.828
1	-0.58632	2	1 0 1 1 0 0 1 1 0	4732	0.567
1	-0.95273	1	1 1 1 1 0 0 1 1 0	7020	0.865
1	-0.58129	0	1 1 1 1 0 1 0 0 0	11610	0.634
0	0	0	1 1 1 0 0 0 0 1 1	24628	1.438
0	0	2	1 0 0 1 0 0 0 1 1	5700	0.248
1	-1.0811	0	1 1 0 0 0 1 0 1 1	116820	1.073
1	-1.1308	2	0 1 1 1 0 1 0 1 1	32218	0.983
1	-0.12994	1	1 1 0 1 0 0 0 1 1	9230	0.543
1	0.16519	1	1 1 0 1 0 0 1 0 1	14043	0.613
1	-0.78218	3	1 1 0 1 0 0 0 1 0	25088	0.651
1	-1.1325	1	1 1 1 0 0 0 1 1 1	19140	0.910
0	0	2	1 0 0 1 0 0 1 1 0	6210	0.336
0	0	2	1 0 0 1 0 0 1 1 0	6510	0.266
1	-0.32058	2	1 0 0 1 0 0 1 1 0	15204	0.461
0	0	1	1 1 0 1 0 0 1 1 1	23142	0.763
0	0	2	1 1 1 1 0 1 0 1 0	14161	1.000
1	-0.33054	0	1 1 1 1 0 0 1 1 0	8463	0.978
1	-0.64246	1	1 1 0 0 0 0 1 0 1	14336	0.874
0	0	1	1 1 0 1 0 0 1 0 1	17514	1.104
0	0	0	1 1 0 1 0 0 1 0 1	9462	0.726
1	-0.13813	0	1 1 0 1 0 0 1 1 1	11115	0.810
1	-0.37825	1	1 1 0 1 0 0 0 1 1	7100	0.707
1	-0.531	0	1 1 0 1 0 1 0 1 1	5229	0.756
1	-0.28202	0	1 1 0 1 0 1 0 1 1	3496	0.600
0	0	0	1 1 0 1 0 0 1 1 1	11845	0.895
0	0	1	1 1 0 1 0 1 0 1 1	7410	0.819
0	0	1	1 1 0 1 0 1 0 0 0	2220	0.610
0	0	1	1 1 0 1 0 1 0 0 0	2052	0.698
0	0	1	1 1 0 1 0 0 1 0 0	2166	0.661
0	0	0	1 1 0 1 0 1 0 1 1	3584	0.873
0	0	2	1 1 0 1 0 0 0 1 1	1960	0.813
1	-0.056136	0	1 1 0 1 0 1 0 1 1	4800	0.747
1	-1.0624	2	1 1 1 1 0 1 0 1 1	112424	0.795
0	0	2	1 1 0 0 0 0 0 1 1	19072	0.858
1	-0.7482	2	1 1 0 0 0 0 0 1 0	85785	0.947
1	-1.0547	0	1 1 0 1 0 0 1 1 0	10209	0.672
0	0	0	1 1 0 1 0 0 1 1 1	18906	1.007
0	0	1	1 1 1 0 0 1 0 1 1	9240	0.761
1	-0.029881	0	1 1 0 1 0 0 1 1 0	10858	0.727
1	-1.1908	0	1 1 1 1 0 0 0 1 0	5124	0.339
0	0	2	1 1 0 1 0 0 0 1 0	8816	0.652
1	-0.62892	1	1 1 0 1 0 0 1 1 0	4510	0.667
0	0	1	1 1 1 1 0 0 0 1 1	50932	0.899
1	-0.70998	2	1 1 0 1 0 0 0 1 0	34686	0.571
1	0.60818	1	1 1 0 1 0 0 1 1 0	52923	0.591
0	0	2	1 1 0 1 0 1 0 1 0	25498	0.582
1	0.19015	2	1 1 0 1 0 1 0 1 0	41910	0.648
0	0	0	1 1 1 1 0 0 1 0 0	2397	0.920
0	0	0	1 1 0 1 0 1 0 0 0	2079	0.516
0	0	0	1 1 1 1 0 0 1 0 0	2475	0.815
1	-0.97773	0	1 1 1 1 0 0 1 0 0	2576	0.818
0	0	0	1 1 1 1 0 1 0 1 0	3192	0.982
0	0	2	1 1 0 1 0 0 0 1 0	5100	0.905
1	-0.41951	0	1 1 0 1 0 0 0 1 1	5460	0.656
0	0	1	1 1 0 1 0 0 0 1 1	1950	0.776
1	-0.52545	2	1 1 0 1 0 1 0 1 1	2408	0.764
0	0	2	1 1 1 0 0 0 0 1 1	6305	0.667
1	-0.81595	0	1 1 1 0 0 1 0 0 0	143724	1.187
1	-0.40535	1	1 1 0 1 0 1 0 1 1	16848	0.690
1	0.10081	1	1 1 0 1 0 0 1 1 1	16568	0.715
0	0	2	1 0 0 0 0 1 0 0 0	13035	0.476
1	-0.87758	2	1 0 1 0 0 1 0 1 1	13986	0.880
0	0	0	1 1 1 1 0 1 0 1 1	10873	0.631
1	-0.39313	2	1 1 0 1 0 0 0 1 0	8023	0.625
1	-0.35348	1	1 1 1 1 0 0 1 1 0	8670	0.832
0	0	2	1 1 1 1 0 1 0 1 0	3120	0.506
1	-0.15809	0	1 1 0 1 0 0 1 0 0	7866	0.602
1	-0.045994	0	1 1 1 1 0 0 1 1 0	9570	0.789
1	-0.9426	1	1 1 1 0 0 1 0 0 1	104618	0.798
0	0	1	1 1 0 1 0 1 0 1 1	14694	0.586
1	-0.26244	0	1 1 0 1 0 0 0 1 1	15150	0.671
0	0	2	1 0 0 1 0 1 0 1 0	9052	0.585
1	-1.1415	0	1 1 0 1 0 0 1 1 1	15251	0.667
0	0	2	1 1 0 1 0 1 0 1 0	9322	0.667
1	-0.35881	2	1 1 0 1 0 0 1 0 0	6386	0.598
1	-0.57869	1	1 1 0 1 0 0 0 1 0	4731	0.683
1	-0.6306	3	1 0 0 1 0 1 0 1 0	8175	0.685
0	0	1	1 1 1 0 0 1 0 1 1	13110	1.009
1	-0.908	0	1 0 1 0 0 0 0 1 1	20008	1.347
1	-0.87787	2	1 1 0 1 0 0 1 0 0	18447	1.109
0	0	3	1 1 0 0 0 1 0 1 1	12744	0.915
1	-0.77258	3	1 1 0 1 0 1 0 0 0	6400	0.636
0	0	1	1 1 1 1 0 1 0 1 0	2736	0.839
0	0	2	1 0 0 1 0 0 1 1 0	3872	0.494
0	0	0	1 1 1 0 0 1 0 1 1	9292	0.910
0	0	1	1 1 0 0 0 0 1 1 0	9591	2.029
1	-0.76636	1	1 1 1 0 0 0 0 1 1	77822	1.435
1	-0.7663	1	1 1 1 1 0 1 0 1 1	10810	0.816
0	0	1	1 1 0 1 0 0 1 1 0	2703	1.040
0	0	1	1 1 0 1 0 0 1 1 0	2436	0.719
0	0	2	1 0 0 1 0 0 1 1 0	2160	0.936
1	-1.1892	0	1 1 1 0 0 1 0 1 1	19404	1.990
1	-1.077	0	1 1 1 0 0 1 0 1 1	11984	0.955
0	0	1	0 1 1 1 0 1 0 1 0	92545	1.865
1	-1.0207	1	1 1 0 0 0 1 0 0 1	7991	0.462
1	-1.035	1	1 1 1 0 0 1 0 0 1	213693	1.119
0	0	2	1 1 0 1 0 0 1 1 0	3379	0.278
1	0.70748	1	1 1 0 1 0 0 1 1 0	9600	0.664
1	0.33468	1	1 1 0 1 0 0 1 1 0	9996	0.703
1	-0.86617	0	1 1 0 1 0 1 0 0 1	8910	0.485
1	-0.39549	0	1 1 0 1 0 1 0 1 1	11620	0.418
0	0	2	1 1 1 1 0 1 0 0 0	31248	0.506
0	0	1	1 1 0 1 0 0 1 1 1	3952	0.680
0	0	1	1 1 0 1 0 0 1 1 1	2970	0.981
0	0	0	1 1 0 1 0 0 1 1 1	3710	0.754
1	-1.0711	1	1 1 0 0 0 0 1 1 1	36890	1.539
1	-0.64635	3	1 1 1 0 0 1 0 1 1	38475	0.759
1	-1.1466	2	1 1 1 1 0 0 0 1 1	13363	0.512
1	-1.0637	2	1 0 1 0 0 1 0 1 0	26928	1.151
1	-0.74506	0	1 1 1 0 0 1 0 1 1	15120	1.050
0	0	2	1 1 1 0 0 1 0 1 1	10140	1.675
0	0	2	1 1 0 0 0 1 0 1 1	9207	1.065
0	0	2	1 1 0 1 0 1 0 1 0	5705	0.210
0	0	2	1 1 1 0 0 0 1 1 1	6460	1.120
0	0	1	1 1 1 0 0 1 0 0 1	2520	0.800
1	-0.68729	1	1 1 1 1 0 0 0 1 1	7931	0.745
1	-0.92977	1	1 1 0 0 0 1 0 1 1	184884	1.337
1	-1.1134	2	1 1 1 0 0 1 0 0 1	102300	1.065
1	-0.86525	1	1 1 0 1 0 1 0 0 1	20720	0.603
0	0	1	1 1 0 1 0 1 0 1 1	20160	0.455
1	-0.93388	1	1 1 1 0 0 1 0 1 0	18769	1.000
1	-0.42131	2	1 1 0 1 0 1 0 1 0	10382	0.320
1	-0.1476	1	1 1 0 1 0 0 0 1 0	6710	0.550
0	0	2	1 1 0 1 0 1 0 1 0	6798	0.637
1	-1.0343	0	1 1 1 1 0 0 1 1 1	36720	1.134
1	-1.0496	1	1 1 1 1 0 1 0 1 1	27507	0.919
1	-0.27419	1	1 1 0 1 0 1 0 1 0	10414	0.643
1	-0.43146	1	1 1 0 1 0 1 0 0 0	16308	0.713
1	-1.0864	3	1 0 1 0 0 1 0 1 0	48546	0.712
0	0	1	1 0 0 0 0 0 1 1 1	10318	2.318
0	0	1	1 0 1 0 0 0 1 0 1	9408	1.021
0	0	1	1 1 0 1 0 1 0 1 1	2856	0.612
0	0	0	1 1 0 1 0 0 1 0 0	2184	0.804
0	0	2	1 0 0 1 0 0 0 1 0	2250	0.898
1	0.24829	1	1 1 0 1 0 0 0 1 1	3648	0.889
0	0	1	1 1 0 1 0 0 1 1 0	4032	0.566
0	0	3	1 1 0 1 0 1 0 1 0	1540	0.304
1	-0.50704	2	1 1 0 1 0 0 1 1 0	4150	0.598
0	0	3	1 1 0 0 0 1 0 0 0	3818	0.549
0	0	0	0 1 1 0 0 0 0 1 1	14720	0.898
0	0	2	1 1 0 1 0 1 0 0 0	4608	0.887
0	0	2	1 1 0 0 0 0 0 1 1	18904	0.978
1	-0.86677	2	1 1 0 0 0 0 0 1 1	23652	0.901
0	0	1	1 0 0 1 0 0 1 0 0	1683	0.640
0	0	2	1 0 0 1 0 0 1 0 0	1950	0.776
0	0	2	1 1 0 1 0 0 1 0 0	1802	0.635
0	0	2	1 1 1 1 1 1 0 1 0	3432	1.275
1	-1.084	1	1 1 1 1 0 1 0 1 0	19418	1.098
1	-0.79365	2	1 1 0 0 0 1 0 1 0	8208	0.701
0	0	2	1 1 0 0 0 0 1 1 0	10600	1.061
1	-0.6871	0	1 1 0 1 0 1 0 1 1	55096	0.682
1	-0.54803	1	1 1 0 1 0 1 0 1 1	36058	0.614
0	0	2	1 1 0 1 0 1 0 1 1	31641	0.798
0	0	3	1 1 0 1 0 1 0 1 1	33784	0.795
1	-0.86531	1	1 1 0 1 0 1 0 1 1	32412	0.656
0	0	2	1 1 0 1 0 0 0 1 1	17017	0.831
1	-0.028588	1	1 1 1 1 0 0 1 1 0	7524	0.765
1	-1.0394	0	1 1 0 1 0 0 1 1 0	12625	0.806
0	0	1	1 1 1 1 0 0 1 1 0	7110	0.876
1	-0.45531	1	1 1 1 1 0 0 1 1 0	7812	1.108
1	-0.95563	0	1 1 1 0 0 1 0 1 1	24382	0.873
1	-1.1363	0	1 1 0 0 0 1 0 1 1	46292	1.747
1	-0.90017	0	1 0 1 0 0 1 0 1 0	10246	0.861
1	-1.1801	0	1 1 0 0 0 1 0 1 0	8800	0.725
1	-0.62174	2	1 0 0 0 0 1 0 1 0	18415	0.875
0	0	0	1 1 0 1 0 1 0 0 0	3233	0.867
1	-0.96426	1	1 1 1 1 0 0 0 1 0	4872	0.687
1	-0.095832	1	1 1 0 1 0 0 0 1 0	4214	0.565
1	-0.86671	1	1 1 0 1 0 0 1 1 0	4368	0.614
0	0	1	1 1 0 1 0 0 1 1 0	3010	0.609
0	0	1	1 1 0 1 0 0 0 1 0	2856	0.612
0	0	2	1 0 0 1 0 1 0 0 0	2112	0.477
0	0	2	1 1 1 1 0 1 0 1 0	3328	0.810
1	-0.84673	1	1 1 1 1 0 1 0 0 0	11692	0.531
0	0	1	1 1 0 1 0 0 0 1 0	13416	0.548
0	0	1	1 1 0 1 0 0 1 0 0	6400	0.636
1	-0.27487	2	1 1 0 1 0 1 0 1 0	20160	0.620
1	-0.43403	0	1 1 0 1 0 1 0 1 0	15334	0.435
1	-0.15647	3	1 0 0 1 0 1 0 1 0	10716	0.536
0	0	0	1 1 0 1 0 1 0 0 0	1736	0.545
0	0	0	1 1 1 1 0 1 0 1 0	8811	0.898
1	-1.087	1	1 1 0 1 0 1 0 1 0	12032	0.732
0	0	2	1 1 1 0 0 0 1 1 1	18924	1.460
0	0	1	1 1 1 1 0 1 0 1 1	1369	1.000
0	0	1	1 1 1 1 0 0 1 1 1	1189	0.700
1	-0.97054	1	1 1 1 0 0 1 0 1 1	17000	1.707
1	-0.72328	1	1 1 0 1 0 0 1 0 0	4747	0.460
1	-1.1209	0	1 1 1 1 0 1 0 1 1	186500	0.745
1	-0.49038	2	1 1 0 1 0 0 1 1 1	35866	0.695
0	0	3	1 0 0 0 0 1 0 1 1	2738	0.493
1	-0.43677	1	1 1 0 1 0 1 0 1 0	4368	0.714
1	-0.91482	0	1 1 0 1 0 1 0 1 1	11556	1.009
1	0.072879	2	1 1 0 1 0 0 0 1 0	16867	0.602
1	-0.72679	1	1 1 0 1 0 0 1 0 0	15066	0.571
1	-0.87466	0	1 1 0 1 0 0 1 0 1	22436	1.113
0	0	1	1 1 1 0 0 1 0 0 0	1634	0.881
0	0	1	1 1 0 1 1 0 0 1 0	34026	0.742
1	-0.74789	0	1 1 1 1 0 1 0 1 1	32683	0.792
0	0	1	1 1 1 1 0 1 0 1 1	16992	0.818
1	-1.0311	1	1 1 0 1 0 0 0 1 1	11484	0.852
0	0	0	0 1 1 0 0 0 0 1 1	14630	1.628
1	-0.51721	0	1 1 0 1 0 0 1 0 1	12000	0.832
1	-0.78696	2	1 1 0 1 0 0 0 1 1	20448	1.014
0	0	1	1 1 0 1 0 0 0 1 1	4300	0.576
0	0	2	1 1 0 1 0 0 0 1 1	18034	0.894
0	0	1	1 1 0 1 0 1 0 1 0	1260	0.707
0	0	1	1 1 0 1 0 1 0 1 0	1287	0.842
0	0	0	1 1 0 1 0 0 1 1 0	1400	0.872
0	0	0	1 1 0 1 0 0 1 1 0	1428	0.805
1	-0.28427	2	1 1 0 1 0 0 0 1 0	16068	0.658
0	0	2	1 1 0 0 0 0 0 1 1	16128	0.776
1	-0.8912	2	1 1 0 0 0 0 1 0 1	15141	1.431
1	-0.81843	2	1 1 1 0 0 1 0 0 1	57200	0.846
1	-0.75607	0	1 1 0 1 0 1 0 1 0	10080	0.483
1	-0.41879	0	0 1 0 1 0 1 0 1 0	8246	0.462
1	0.31756	1	1 1 0 1 0 0 0 1 1	13559	0.608
1	-0.20724	1	1 1 0 1 0 1 0 1 1	12193	0.647
1	-0.15764	0	1 1 0 1 0 0 1 0 0	12717	0.513
1	-1.0906	0	1 1 1 1 0 1 0 1 1	6528	0.705
1	-0.73432	1	1 1 1 0 0 1 0 0 0	155940	1.311
0	0	0	1 1 0 1 0 0 1 0 0	13635	0.746
0	0	2	1 0 1 0 0 1 0 0 0	27625	1.774
1	-0.97185	2	1 1 0 0 0 0 1 1 1	6996	1.615
1	-1.0113	2	1 1 0 0 0 0 1 1 1	18576	1.117
1	-0.7532	3	1 1 0 1 0 0 0 1 0	11520	0.552
0	0	3	1 1 0 0 0 0 1 0 0	9477	0.690
1	-0.54187	1	1 1 1 1 0 1 0 0 0	4002	0.838
0	0	0	1 1 1 1 0 1 0 1 0	1131	0.737
0	0	2	1 1 1 0 0 0 1 0 0	2288	0.843
0	0	0	1 1 1 1 0 1 0 1 0	116424	0.757
1	-0.72239	2	1 1 0 1 0 0 1 1 1	16940	1.158
0	0	2	1 1 0 1 0 0 1 1 1	9504	0.813
1	0.26959	1	1 1 0 1 0 0 1 1 1	10647	0.776
1	-0.80524	1	0 1 0 1 0 0 0 1 1	6956	0.785
1	-1.0149	2	1 1 0 1 0 1 0 1 1	105324	0.681
1	-0.8193	0	1 1 1 1 0 0 0 1 0	52437	0.983
1	-0.38569	0	1 1 1 1 0 0 1 1 0	25344	0.645
1	-0.17751	0	1 1 0 1 0 0 1 1 1	36408	0.738
1	0.23274	0	1 1 0 1 0 0 1 1 1	33867	0.745
1	0.4776	1	1 1 1 1 0 1 0 1 0	5544	0.783
1	-1.0033	1	1 1 1 1 0 1 0 1 0	4158	1.048
1	-0.21325	1	1 1 1 1 0 1 0 1 0	5893	0.854
1	-0.42752	1	1 1 1 1 0 1 0 1 0	8330	0.866
0	0	1	1 1 1 0 0 1 0 1 0	21131	0.602
0	0	1	1 1 1 0 0 1 0 1 1	12420	1.065
0	0	0	1 0 0 1 0 0 1 0 0	24034	0.617
1	-1.0113	0	1 1 1 0 0 1 0 1 1	166666	1.495
0	0	1	1 1 0 1 0 0 1 0 0	2520	0.629
0	0	1	1 1 0 1 0 1 0 0 1	3905	0.771
1	-0.82687	0	1 1 1 1 0 1 0 1 1	39312	0.908
1	-1.0392	0	1 1 1 1 0 1 0 1 1	57159	0.838
0	0	0	1 1 1 1 0 1 0 1 1	14742	1.078
0	0	2	1 1 1 1 0 0 0 1 0	9200	0.919
1	0.11611	1	1 1 0 1 0 1 0 0 1	29028	0.478
1	-0.5346	3	1 1 0 0 0 0 1 0 0	5040	0.618
1	-1.1547	3	0 1 1 0 0 1 0 0 1	156500	1.599
1	-0.86627	1	1 1 0 1 0 0 1 1 0	5016	0.867
1	-0.15151	0	1 1 0 1 0 0 1 1 0	6768	0.763
0	0	0	1 1 1 1 0 0 1 1 0	4615	0.914
0	0	2	1 1 1 0 0 0 0 1 0	3000	0.831
1	-0.94423	0	1 1 1 1 0 1 0 1 1	32955	0.866
0	0	3	1 0 0 0 0 1 0 1 0	7372	1.280
1	-0.69063	3	1 1 0 1 0 0 0 1 0	72680	0.727
1	-1.0916	2	1 1 1 0 0 1 0 1 0	26847	0.918
0	0	0	1 1 0 0 0 0 1 0 0	22644	1.034
0	0	1	1 1 0 1 0 0 0 1 1	25020	0.771
1	-1.0411	0	1 1 0 1 0 0 1 1 1	14620	0.503
0	0	2	1 1 0 0 0 1 0 1 1	9240	1.566
1	-0.97182	0	1 0 1 0 0 0 1 0 0	31244	1.469
1	-0.1954	0	1 1 0 1 0 1 0 1 1	92501	0.586
1	-0.99788	1	1 1 1 0 0 0 0 1 1	20711	0.932
1	-0.95072	0	1 1 1 0 0 1 0 1 1	55145	0.761
0	0	1	1 1 0 1 0 0 1 0 0	6342	0.273
1	-0.12111	0	1 1 1 1 0 1 0 1 1	49686	0.665
0	0	0	1 1 0 1 0 0 1 1 1	22479	1.397
0	0	0	1 1 0 1 0 1 0 0 1	20470	0.644
1	-0.23098	1	1 1 0 1 0 1 0 1 0	13158	0.559
1	-0.13711	2	1 1 0 1 0 1 0 1 0	28462	0.620
1	-1.1489	0	1 1 0 1 0 1 0 1 1	88374	0.925
0	0	1	1 1 0 1 0 1 0 1 0	4224	1.032
0	0	1	1 1 0 1 0 1 0 1 1	5994	0.912
1	-1.1056	1	1 1 0 1 0 1 0 1 1	7462	0.900
0	0	1	1 1 0 1 0 1 0 1 0	3074	0.912
0	0	1	1 1 0 0 0 1 0 1 1	5994	0.912
1	-0.61947	0	1 1 0 1 0 1 0 1 1	7209	0.909
1	-1.0098	0	1 1 1 1 0 1 0 0 0	5450	0.454
0	0	0	1 1 1 1 0 1 0 0 0	6762	0.701
0	0	2	1 1 0 1 0 0 0 1 0	3906	1.016
0	0	0	1 1 1 0 0 0 0 1 1	56170	1.338
0	0	2	1 0 0 1 0 0 1 1 0	8614	1.625
1	-0.74046	2	1 1 1 0 0 0 1 1 1	9360	1.157
1	-0.59969	3	1 1 0 1 0 1 0 1 1	11248	0.510
1	-1.0204	2	1 0 1 0 0 1 0 1 0	70380	1.083
1	-1.1247	1	1 1 1 0 0 0 0 1 1	16065	0.881
0	0	1	1 1 0 1 0 0 0 1 1	8550	0.655
1	-0.31171	0	1 1 0 1 0 0 1 0 0	8640	0.597
0	0	2	1 1 1 0 0 0 0 1 1	11696	1.588
1	-0.76052	0	1 1 1 1 0 1 0 1 1	8514	0.867
1	-1.0561	1	1 1 1 0 0 1 0 0 0	19250	0.810
1	-0.67891	0	1 1 0 0 0 0 0 1 0	8505	0.769
0	0	2	1 1 0 0 0 1 0 0 0	8798	0.781
1	-1.0783	1	1 1 1 0 0 1 0 1 0	73944	0.740
0	0	2	1 1 0 1 0 0 0 1 1	11115	0.376
1	-1.0058	0	1 1 1 0 0 1 0 1 1	16200	0.615
0	0	2	1 0 1 0 0 1 0 1 1	27745	1.156
1	-0.89309	1	1 1 0 1 0 0 1 1 1	60784	0.885
1	-0.60551	1	1 1 0 1 0 0 1 1 0	17388	0.669
0	0	0	1 1 0 1 0 0 1 1 0	16837	0.757
0	0	2	1 0 0 1 0 0 1 1 0	7920	0.450
0	0	2	1 0 0 1 0 0 1 1 0	5236	0.364
0	0	2	1 1 0 1 0 0 1 1 0	9648	0.462
0	0	3	1 0 0 0 0 0 0 1 1	8436	0.682
1	-1.1663	0	1 1 1 1 0 0 0 1 1	97565	1.602
1	-0.75956	1	1 1 0 1 0 0 1 1 1	25972	0.877
0	0	2	1 1 0 1 0 1 0 1 0	12580	0.364
1	-0.92526	1	1 1 0 0 0 0 1 1 1	15678	0.872
0	0	1	1 1 1 1 0 1 0 1 1	6688	0.862
0	0	1	1 1 0 1 0 0 1 1 0	5865	0.810
1	-0.91577	1	1 0 0 0 0 0 1 0 0	5610	1.292
1	-1.0156	1	1 1 0 0 0 0 1 1 1	183500	1.363
1	-1.0219	2	1 1 0 0 0 1 0 0 0	104580	1.054
0	0	0	1 1 1 0 0 0 1 1 1	40320	2.065
1	-1.0987	0	0 1 1 1 0 1 0 1 1	14690	0.868
1	-0.9374	0	0 1 0 1 0 0 0 1 0	19375	0.805
1	-0.86727	0	1 1 0 1 0 0 1 1 1	39270	0.890
0	0	2	1 1 0 1 0 1 0 1 1	6300	0.626
0	0	2	1 0 0 1 0 1 0 1 0	2581	0.318
1	-0.026657	0	1 1 0 1 0 0 1 1 1	7597	0.660
1	-0.87879	2	1 1 1 0 0 1 0 1 1	42218	1.035
1	-0.88784	2	1 1 1 1 0 0 0 1 1	48756	1.172
1	-0.82898	0	1 1 0 1 0 1 0 0 0	4746	0.366
1	-0.13673	0	1 1 0 1 0 0 1 1 0	11921	0.692
0	0	0	1 1 0 0 0 0 0 1 1	21235	1.132
1	-1.097	2	1 1 1 0 0 1 0 0 1	172875	1.230
1	-1.02	1	1 1 1 0 0 0 0 1 1	12500	1.253
1	-0.53641	1	1 1 0 0 0 0 1 1 1	17920	0.914
0	0	1	1 0 0 0 0 0 1 1 1	13216	0.949
1	-0.75075	1	1 1 0 1 0 0 0 1 1	3510	0.571
1	-0.65097	1	1 1 0 1 0 1 0 1 1	24130	0.667
1	0.22561	1	1 1 0 1 0 0 1 1 0	7722	0.786
1	-0.37454	0	1 1 0 1 0 0 1 1 0	5005	0.600
0	0	2	1 1 0 1 0 0 1 1 0	4980	0.720
1	-0.90866	1	1 1 0 1 0 0 1 1 1	11039	0.621
1	-1.0127	1	1 1 0 1 0 0 1 1 1	12423	0.820
0	0	1	1 1 0 1 0 0 0 1 1	9804	0.752
0	0	1	1 1 1 1 0 1 0 1 0	3538	0.950
1	-0.89611	1	1 1 0 1 0 0 0 1 0	5368	0.690
0	0	2	1 1 0 0 0 1 0 1 1	4565	0.659
0	0	1	1 1 1 0 0 1 0 1 1	25920	1.013
0	0	3	1 0 0 0 0 1 0 0 0	9317	0.633
1	-0.28545	0	1 0 0 1 0 0 1 0 0	7906	0.564
1	-0.1538	1	1 1 1 1 0 0 0 1 1	11880	0.679
0	0	3	1 0 1 0 0 0 0 1 0	15390	0.843
