det	conf	occ	p1 p2 p3 p4 v1 v2 v3 v4 v5 size	ratio(w/h)
1	2.0856	0	1 1 1 1 0 0 0 0 1	63332	1.275
1	0.76688	1	1 1 1 1 0 0 0 0 1	8349	1.765
1	-0.013668	1	1 1 1 1 0 1 0 1 0	22648	0.980
0	0	2	0 1 0 1 0 1 0 0 1	4512	0.484
0	0	2	1 1 0 1 0 1 0 1 1	10956	0.626
1	0.49257	1	1 1 0 1 0 0 0 0 1	45076	1.237
1	2.1879	0	1 1 1 1 0 0 0 0 1	101655	1.616
0	0	2	1 1 1 1 0 0 0 0 1	76167	1.620
1	0.28247	1	1 1 0 1 0 1 0 1 0	21094	0.530
1	0.77143	1	1 1 1 1 0 1 0 0 0	22275	0.438
1	1.9441	0	1 1 1 1 0 0 0 0 1	128874	1.623
1	1.903	1	1 1 1 1 0 0 0 0 1	9890	1.341
1	1.4039	1	1 1 1 1 0 0 0 0 1	7350	1.507
1	1.7499	1	1 1 1 1 0 0 0 0 1	5544	1.277
0	0	2	1 1 0 1 0 0 0 0 1	3213	1.240
1	-0.452	1	1 1 0 1 0 1 0 1 0	9120	0.630
1	-0.88162	0	1 1 0 1 0 1 0 1 0	15052	0.745
0	0	0	1 1 1 1 0 0 0 1 1	36190	1.529
1	-0.54112	2	1 1 1 1 0 0 0 1 1	35916	1.337
1	-0.54397	0	1 1 1 1 0 0 0 0 1	92547	1.243
0	0	1	1 1 0 1 0 1 0 1 1	85140	2.178
1	-0.31645	0	1 1 1 1 0 0 0 0 1	68264	1.521
1	-0.21317	1	1 1 1 1 0 1 0 1 1	156492	1.511
1	0.52999	1	1 1 0 1 0 1 0 1 0	14700	0.651
1	-0.61933	1	1 0 0 1 0 0 0 0 1	55278	0.891
1	2.6085	1	1 1 0 1 0 0 0 0 1	73233	1.305
1	2.6645	0	1 1 1 1 0 0 0 0 1	103912	1.692
0	0	1	1 1 1 0 0 1 0 1 0	24675	1.243
1	1.6968	1	1 1 0 1 0 0 0 0 1	26910	1.597
1	-0.018231	1	1 1 0 1 0 1 0 1 0	39284	0.658
1	1.9814	0	1 1 1 1 0 0 0 0 1	108378	1.839
0	0	1	1 1 0 1 0 0 0 0 1	40404	1.221
1	-0.35449	0	1 0 0 1 0 1 0 0 0	2926	2.054
0	0	0	1 1 0 1 0 1 0 0 0	3150	1.805
1	-0.67511	0	1 1 0 1 0 0 0 0 1	187000	0.747
1	-0.57731	2	1 1 0 1 0 0 0 1 1	13632	1.484
1	-0.015099	1	1 1 0 1 0 1 0 1 0	10824	0.618
1	-0.37764	0	1 1 1 1 0 0 0 0 1	7830	0.425
1	-0.68574	1	1 1 0 1 0 0 0 0 1	6840	0.471
0	0	2	1 1 0 1 0 0 1 1 0	13635	0.746
1	-0.90515	2	1 1 1 1 0 0 0 0 1	17115	1.558
1	0.98987	1	1 1 0 1 0 0 0 0 1	41028	1.690
1	0.26863	1	1 1 0 1 0 1 0 1 0	41748	0.516
1	0.39024	2	1 1 1 1 0 1 0 1 0	27810	0.379
1	-0.085594	2	1 1 0 1 0 0 0 0 1	4661	1.345
1	0.12433	1	1 1 1 1 0 0 0 0 1	5304	1.149
1	-0.14892	2	1 1 1 1 0 0 0 0 1	6552	1.078
1	-0.23915	2	1 0 1 1 0 0 0 0 1	8424	1.390
1	1.017	1	1 1 0 1 0 1 0 1 0	16250	1.040
1	0.56299	1	1 1 0 1 0 1 0 1 0	16896	0.969
1	0.90249	1	1 1 0 1 0 1 0 1 0	15494	0.960
1	0.2923	2	1 1 0 1 0 1 0 1 0	13776	1.099
1	-0.18317	1	1 1 1 1 0 0 0 0 1	5467	0.921
1	0.33141	1	1 1 0 1 0 1 0 1 0	23985	0.629
0	0	2	1 1 0 1 0 1 0 1 0	14490	0.335
0	0	1	1 1 0 1 0 1 0 1 0	34164	0.711
1	1.1616	0	1 1 1 1 0 0 0 0 1	93726	1.455
1	-0.46097	0	1 1 1 1 0 0 0 0 1	33936	1.204
1	1.1077	2	1 1 1 1 0 0 0 0 1	38582	0.945
1	-0.69278	1	1 0 1 1 0 0 0 0 1	23322	0.815
1	-0.33815	1	1 1 1 1 0 0 1 1 1	36905	0.395
1	0.23077	0	1 1 1 1 0 0 1 1 0	174000	1.238
1	-0.1813	1	1 1 1 1 0 0 0 0 1	111780	0.939
1	0.13409	1	1 1 0 1 0 1 0 1 0	7952	0.631
1	-0.73916	0	0 1 0 1 0 1 0 0 0	16416	0.709
1	1.0512	0	1 1 1 1 0 0 0 0 1	136300	1.623
1	-0.37595	1	1 1 1 1 0 0 0 0 1	115092	1.491
1	-0.61092	2	0 1 0 1 0 0 0 0 1	5751	0.875
1	-0.40513	1	1 0 0 1 0 0 1 1 0	5256	0.986
0	0	1	1 0 0 1 0 0 1 1 0	4161	0.778
0	0	2	1 0 0 1 0 0 1 1 0	1947	0.552
0	0	1	1 0 0 1 0 0 1 0 0	3220	0.374
1	1.9425	0	1 1 1 1 0 0 0 0 1	129998	1.345
1	0.24572	1	0 1 0 1 0 1 0 0 0	11659	0.677
1	0.17026	1	0 1 0 1 0 1 0 0 0	4558	0.612
1	-0.17415	1	0 1 0 1 0 1 0 0 0	9398	0.579
1	0.80906	0	1 1 1 1 0 0 0 0 1	34428	1.513
1	-0.76367	1	1 1 0 1 0 0 0 0 1	29212	1.632
0	0	1	1 0 1 1 0 0 0 0 1	26832	2.495
1	-0.66497	2	1 1 0 1 0 0 0 0 1	20250	1.112
1	-0.22443	1	0 1 1 1 0 0 1 0 0	8844	0.504
1	3.5268	0	1 1 1 1 0 0 0 0 1	153683	1.571
1	0.46272	1	1 1 0 1 0 1 0 1 0	5655	0.744
1	0.41051	1	1 1 0 1 0 1 0 1 0	5696	0.716
1	0.68624	1	1 1 0 1 0 1 0 1 0	6097	0.733
1	1.204	1	1 1 0 1 0 1 0 1 0	6532	0.769
1	-0.91486	1	0 1 0 1 0 1 0 0 0	54014	1.058
0	0	2	0 1 0 1 0 1 0 0 0	34454	0.751
0	0	0	0 0 0 1 0 0 0 0 1	113080	1.715
1	1.7625	0	1 1 1 1 0 0 0 0 1	94570	1.578
0	0	2	1 1 1 1 0 0 0 0 1	92484	1.458
1	-0.39135	1	1 1 0 1 0 0 0 0 1	11664	1.000
0	0	0	1 1 0 1 0 1 0 1 1	133533	1.205
1	1.46	1	1 1 1 1 0 0 0 0 1	31464	1.364
0	0	0	1 1 1 0 0 0 1 1 0	3551	1.269
0	0	0	1 1 1 1 0 0 1 1 0	4480	1.436
1	-0.70158	0	1 1 1 1 0 0 1 1 0	6177	1.229
1	-0.043148	0	1 1 1 1 0 0 0 0 1	8480	1.329
0	0	2	1 1 1 1 0 0 0 0 1	6461	1.286
0	0	2	0 1 0 1 0 0 0 0 1	58220	0.460
0	0	2	0 1 0 1 0 1 0 1 0	50836	0.395
0	0	0	1 1 1 1 0 1 0 1 0	87560	1.813
1	1.4621	0	1 1 1 1 0 0 0 0 1	55860	1.268
1	-0.93323	1	1 1 0 1 0 1 0 1 0	17864	0.752
1	0.89286	0	1 1 1 1 0 0 0 0 1	9317	1.579
1	0.14923	0	1 1 1 1 0 0 0 0 1	143840	1.498
0	0	1	1 1 0 1 0 1 0 1 0	14476	0.608
1	0.35758	1	1 1 0 1 0 0 0 0 1	3445	1.231
1	-0.53115	2	0 1 0 1 0 1 0 1 0	4455	0.449
0	0	2	1 0 0 1 0 0 0 0 1	2418	1.605
0	0	1	1 1 0 1 0 1 0 0 0	10224	0.490
0	0	2	1 1 0 1 0 1 0 1 0	22066	1.590
1	1.6266	0	1 1 1 1 0 0 0 0 1	174500	1.434
0	0	1	1 1 0 1 0 1 0 1 0	56386	1.039
0	0	1	1 1 0 1 0 0 0 0 1	33369	1.548
1	0.44754	2	1 1 0 1 0 0 0 0 1	57816	1.206
1	-0.22566	1	1 0 0 1 0 0 0 0 1	26532	0.655
1	1.6391	1	1 1 0 1 0 0 0 0 1	6039	1.633
1	0.57696	2	1 1 0 1 0 0 0 0 1	5544	1.403
1	1.0374	0	1 1 0 1 0 0 0 0 1	9200	1.443
1	0.23146	0	1 1 1 1 0 0 0 0 1	122255	2.041
1	0.15039	1	1 1 0 1 0 0 0 0 1	32190	1.535
1	-0.092296	1	1 1 0 1 0 0 0 0 1	43183	1.091
1	0.48322	0	1 1 1 1 0 0 0 0 1	142675	1.352
1	-0.41951	1	1 1 0 1 0 1 0 1 0	70560	0.710
1	1.3146	1	1 1 0 1 0 1 0 1 0	26250	0.593
1	-0.16349	1	1 1 0 1 0 1 0 1 0	43255	0.971
0	0	2	1 1 0 1 0 1 0 1 0	28413	0.530
1	0.75134	1	1 1 0 1 0 0 0 0 1	38664	1.208
1	0.51618	1	1 1 0 1 0 1 0 1 0	5472	0.589
1	-0.5309	2	0 1 0 1 0 0 0 0 1	3240	0.620
1	-0.59477	1	1 1 1 1 0 1 0 1 0	20234	0.887
0	0	2	1 1 0 0 0 0 0 0 1	65664	3.182
1	0.95234	1	1 1 0 1 0 0 0 0 1	46010	1.005
0	0	1	1 0 1 1 0 0 0 0 1	173500	1.442
0	0	0	0 0 1 1 0 0 0 0 1	108052	1.911
1	0.04951	1	0 1 0 1 0 1 0 0 0	5194	0.536
1	2.7563	1	1 1 0 1 0 0 0 0 1	29651	1.338
1	-0.76048	1	1 1 0 1 0 1 0 1 0	18584	0.546
0	0	0	1 1 1 1 0 0 1 1 0	131274	1.066
1	2.2855	1	1 1 1 1 0 0 0 0 1	41634	1.590
1	-0.98652	1	1 0 0 1 0 0 0 0 1	2772	1.442
1	-0.052537	1	1 1 0 1 0 1 0 1 1	6020	0.812
1	0.21491	1	1 1 1 1 0 0 0 0 1	3630	1.204
0	0	1	1 1 1 1 0 1 0 1 0	15548	1.846
1	-0.70134	3	1 1 0 0 0 0 0 0 1	75591	1.469
0	0	3	0 1 0 1 0 0 0 0 1	4452	1.596
0	0	0	1 1 0 1 0 0 0 0 1	1665	1.222
1	0.92987	1	1 1 0 1 0 0 1 1 0	16983	0.724
1	1.6743	1	1 1 0 1 0 0 0 0 1	12880	1.027
1	0.54241	1	1 1 0 1 0 0 0 0 1	11446	0.821
1	0.59423	1	1 1 1 1 0 0 1 1 0	43262	0.869
1	1.6029	0	1 1 1 1 0 1 0 1 0	61953	0.600
1	-0.002343	1	1 1 0 1 0 1 0 1 0	62910	0.862
1	-0.59267	2	1 1 1 1 0 0 0 0 1	59598	1.523
1	0.039997	1	1 1 1 1 0 0 0 0 1	54020	1.582
0	0	2	0 1 0 1 0 1 0 1 0	38080	1.950
1	-0.92352	2	1 1 0 1 0 1 0 1 0	35371	1.333
0	0	1	1 1 1 1 0 0 1 1 0	96089	0.697
1	2.0915	1	1 1 1 1 0 0 0 0 1	13206	1.533
1	2.1562	1	1 1 1 1 0 0 0 0 1	19620	1.657
0	0	1	0 1 0 0 0 0 0 0 1	24192	3.458
1	1.502	0	1 1 1 1 0 0 0 0 1	63048	1.392
1	1.0106	1	1 1 0 1 0 0 0 0 1	12100	1.000
1	-0.54078	1	1 1 0 1 0 0 0 0 1	23712	1.026
1	0.40696	0	1 1 1 1 0 1 0 1 0	74354	0.686
1	-0.22779	0	1 1 1 1 0 0 0 0 1	103660	1.286
1	-0.68062	1	1 1 1 1 0 0 0 0 1	80028	1.464
1	-0.64264	1	1 1 1 1 0 0 0 0 1	79502	1.233
1	0.47472	1	1 1 1 1 0 0 0 0 1	123403	1.479
1	0.6423	1	1 1 0 1 0 0 0 0 1	36708	1.419
1	0.5603	1	0 1 0 1 0 1 0 1 0	8946	0.440
0	0	2	1 0 0 1 0 0 0 0 1	12467	1.511
0	0	1	1 1 0 1 0 1 0 1 0	24450	0.920
1	1.9841	1	1 1 0 1 0 0 0 0 1	44571	0.718
1	0.47524	1	1 1 0 1 0 0 0 0 1	21708	0.535
0	0	0	1 1 1 1 0 1 0 1 0	1716	0.884
1	0.001724	0	1 1 1 1 0 0 1 1 0	61404	0.922
1	1.4481	0	1 1 1 1 0 0 0 0 1	110770	1.580
0	0	2	0 1 0 1 0 0 1 0 0	31812	0.546
1	1.7079	0	1 1 1 1 0 0 0 0 1	129687	1.342
1	-0.34045	0	1 1 1 1 0 0 0 0 1	29181	1.559
1	-0.17716	2	1 1 1 1 0 0 0 0 1	31326	1.650
1	0.45372	0	1 1 1 1 0 0 0 0 1	30492	1.756
1	0.058248	2	1 1 1 1 0 0 0 0 1	30150	1.684
1	0.02312	1	1 1 0 1 0 0 0 0 1	50463	1.415
0	0	1	1 1 1 1 1 0 0 1 0	46830	0.941
1	-0.69746	0	1 1 1 1 1 0 1 1 0	187500	1.334
0	0	0	0 1 1 1 0 1 0 1 0	63640	1.379
1	-0.31601	2	1 1 1 1 0 0 1 1 0	47025	0.929
0	0	0	1 1 0 1 0 0 0 0 1	139672	1.400
1	1.4343	1	1 1 1 1 0 0 0 0 1	37604	1.510
1	-0.77014	1	0 1 0 1 0 0 1 0 0	3773	0.632
0	0	1	1 1 0 1 0 0 0 0 1	52966	2.638
0	0	2	1 0 0 1 0 0 0 0 1	33495	1.232
1	2.1653	1	1 1 0 1 0 0 0 0 1	63956	1.149
1	1.1296	1	1 1 0 1 0 0 0 0 1	5035	1.808
1	1.5919	1	1 1 0 1 0 0 0 0 1	5472	1.696
1	-0.41302	0	1 1 1 1 0 0 1 1 0	3196	0.687
1	0.25388	1	1 1 1 1 0 0 0 0 1	6552	1.268
1	0.55343	1	1 1 0 1 0 0 0 0 1	8066	1.479
1	0.26261	2	1 0 0 1 0 0 0 0 1	6365	1.424
1	-0.64317	2	1 0 0 1 0 0 0 0 1	5040	0.972
1	-0.44867	1	1 1 0 1 0 1 0 1 0	3102	0.708
1	-0.79835	1	1 1 0 1 0 1 0 1 0	43416	1.658
1	-0.32313	1	1 1 0 1 0 0 0 0 1	54033	0.871
1	-0.56666	1	1 1 0 1 0 1 0 1 0	29232	0.965
1	0.83445	1	1 1 1 1 0 0 0 0 1	48208	1.426
1	1.2564	1	1 1 0 1 0 0 0 0 1	39150	2.157
1	-0.73738	1	1 1 0 1 0 0 0 0 1	20002	0.938
1	1.2649	1	1 1 1 1 0 0 0 0 1	40080	1.440
1	2.4334	0	1 1 1 1 0 0 0 0 1	146470	1.608
1	-0.58835	1	0 1 1 1 0 1 0 0 0	58460	0.584
1	1.6658	0	1 1 1 1 0 0 0 0 1	141198	1.540
1	1.1289	0	1 1 1 1 0 0 0 0 1	161704	1.505
0	0	2	1 1 1 1 0 0 0 0 1	135441	1.477
1	0.48418	1	1 1 1 1 0 0 0 0 1	88102	1.875
1	-0.8087	1	1 1 1 1 0 0 0 0 1	24021	0.974
1	-0.21152	2	1 1 1 1 0 0 0 0 1	23628	0.736
1	-0.10261	3	1 1 1 1 0 0 0 0 1	28620	1.133
0	0	2	1 0 1 1 0 0 0 0 1	9072	0.776
0	0	2	0 1 0 1 0 0 0 0 1	7384	0.680
1	1.3799	0	1 1 1 1 0 0 0 0 1	106398	1.613
0	0	0	1 0 1 1 0 0 1 0 0	21648	0.308
1	0.072752	0	1 1 1 1 0 0 0 0 1	113553	0.976
1	-0.30739	0	1 1 1 1 0 0 0 0 1	52580	0.920
1	1.0442	1	1 1 0 1 0 1 0 1 0	17066	0.656
1	-0.28076	1	1 1 0 1 0 1 0 0 0	17980	0.747
1	1.6649	0	1 1 1 1 0 0 0 0 1	134048	1.664
0	0	0	1 1 1 0 0 0 0 0 1	46238	3.124
1	-0.83233	1	1 1 0 1 0 0 0 0 1	2166	1.514
0	0	1	1 0 0 1 0 0 0 0 1	1040	1.560
1	2.2844	0	1 1 1 1 0 0 0 0 1	126990	1.357
0	0	1	1 1 0 1 0 1 0 1 0	17952	1.031
0	0	0	1 1 1 1 1 0 0 1 0	116874	1.282
1	-0.64516	1	1 1 1 1 0 0 0 0 1	44620	0.843
1	-0.87842	1	1 0 0 1 0 1 0 1 0	90118	1.094
1	-0.16013	1	1 1 1 1 0 0 1 1 0	36820	0.531
1	1.315	0	1 1 1 1 0 0 0 0 1	17380	1.440
1	-0.67042	0	1 1 0 1 0 0 0 0 1	142096	0.775
0	0	1	1 1 1 1 0 0 1 1 0	33748	0.411
1	-0.012662	0	1 1 0 1 0 0 1 1 0	150199	0.602
1	-0.93002	1	1 1 1 1 0 0 0 0 1	9592	1.241
1	-0.49868	2	1 1 0 1 0 0 0 0 1	18285	1.386
1	-0.97415	0	1 1 0 1 0 0 0 0 1	120704	0.891
0	0	1	1 1 1 1 0 0 1 0 0	31416	0.553
0	0	1	1 1 1 1 0 0 1 1 0	35358	0.778
0	0	2	1 1 1 1 0 0 0 0 1	2262	1.500
1	-0.42648	1	1 1 1 1 0 0 0 0 1	6806	0.988
1	-0.026193	1	1 1 0 1 0 1 0 0 0	6313	0.547
1	2.8415	1	1 1 1 1 0 0 0 0 1	41772	1.335
1	-0.1529	1	1 1 1 1 0 0 1 1 0	145304	0.740
1	0.29765	1	1 1 0 1 0 1 0 1 0	14060	0.639
1	-0.69477	2	1 1 0 1 0 0 0 0 1	42090	2.219
0	0	2	1 1 0 0 0 0 0 0 1	34048	2.730
1	0.23834	1	0 1 0 1 0 1 0 0 0	6660	0.536
1	0.96294	1	1 1 0 1 0 0 0 0 1	35280	1.806
1	2.0737	1	1 1 0 1 0 0 0 0 1	5478	1.262
1	0.57571	1	1 1 0 1 0 0 0 0 1	5475	0.973
1	0.91133	1	1 1 0 1 0 0 0 0 1	3300	0.915
1	1.0131	0	1 1 1 1 0 0 0 0 1	74970	1.250
1	-0.17926	0	1 1 1 1 0 0 0 0 1	64625	1.171
1	1.6562	0	1 1 1 1 0 0 0 0 1	63135	1.476
1	-0.66859	1	1 1 0 1 0 1 0 0 0	28085	0.667
1	2.6332	1	1 1 1 1 0 0 0 0 1	25696	1.207
0	0	1	1 1 1 1 0 0 1 1 0	36256	0.854
1	0.22544	1	1 1 1 1 0 0 0 0 1	36764	0.900
1	-0.66265	0	1 1 1 1 0 0 1 1 0	2400	0.661
0	0	0	1 1 1 1 0 0 0 0 1	10622	1.204
0	0	0	1 1 0 1 0 0 0 0 1	10192	0.811
1	1.6521	0	1 1 1 1 0 0 0 0 1	29469	1.486
1	2.6577	1	1 1 0 1 0 0 0 0 1	43824	1.417
1	-0.77844	0	1 1 1 1 0 1 0 1 0	6768	0.763
0	0	1	1 1 1 1 0 0 0 0 1	2016	1.146
0	0	2	1 1 0 1 0 0 0 0 1	2109	0.643
1	0.172	0	1 1 1 1 0 0 1 1 0	99498	1.042
1	0.17855	1	1 1 0 1 0 0 0 0 1	19040	1.347
0	0	2	0 1 0 1 0 0 0 0 1	2380	1.971
1	0.10432	1	1 1 1 1 0 0 0 0 1	6450	1.149
1	2.0641	1	1 1 0 1 0 0 0 0 1	50750	1.233
1	0.59527	1	1 1 0 1 0 0 0 0 1	55120	1.275
1	1.3851	1	1 1 1 1 0 0 0 0 1	173802	1.428
1	1.0407	1	1 1 0 1 0 0 0 0 1	34626	0.874
1	-0.99527	0	0 0 0 1 0 0 0 0 1	18048	0.907
1	0.30457	0	1 1 1 1 0 0 0 0 1	4505	1.615
1	-0.80822	0	1 1 1 1 0 0 0 0 1	4020	1.119
0	0	1	1 1 1 1 0 0 1 1 0	2170	0.557
0	0	0	1 1 1 1 0 1 0 1 0	16660	1.742
0	0	0	0 1 0 1 0 0 1 1 0	14450	2.012
1	-0.57601	0	1 1 1 1 1 0 1 1 0	22940	0.955
1	0.25515	0	1 0 1 1 0 0 0 0 1	186127	1.339
1	2.055	0	1 1 1 1 0 0 0 0 1	146772	1.611
1	0.73757	0	1 1 1 1 0 0 0 0 1	20304	1.748
1	-0.94767	2	1 1 0 1 0 0 1 1 0	70983	0.804
1	0.13392	1	1 0 0 1 0 0 0 0 1	56034	0.699
0	0	1	0 1 0 1 0 0 0 0 1	16120	0.669
1	0.35417	1	1 1 1 1 0 0 0 0 1	58032	1.343
0	0	2	1 0 0 1 0 0 0 0 1	21228	1.430
1	-0.8127	1	1 1 0 1 0 0 0 0 1	62748	0.438
1	-0.9029	0	1 1 1 1 0 0 1 1 0	7493	0.460
0	0	0	1 1 1 1 0 0 0 0 1	2835	1.409
0	0	0	1 1 1 1 0 0 0 0 1	2346	1.111
1	-0.59379	2	1 1 0 1 0 0 1 1 0	11286	0.867
0	0	3	0 1 0 1 0 0 1 0 0	13426	0.713
1	1.9783	1	1 1 0 1 0 0 0 0 1	22940	1.496
1	1.5144	2	1 1 0 1 0 0 0 0 1	16100	1.616
0	0	3	1 1 0 1 0 0 0 0 1	8188	1.034
1	0.84726	1	1 1 1 1 0 1 0 1 0	29440	0.869
1	-0.22047	0	1 1 1 1 0 1 0 1 0	10260	1.138
1	-0.46446	1	1 1 0 1 0 1 0 1 0	42158	0.920
0	0	2	1 0 1 1 0 0 0 0 1	34485	1.268
1	1.4335	0	1 1 1 1 0 0 0 0 1	82467	1.548
1	1.4573	0	1 1 1 1 0 0 0 0 1	171310	1.252
1	-0.82263	0	1 1 1 1 0 0 1 0 0	18837	0.437
0	0	1	1 1 0 1 0 1 0 1 0	5922	0.368
1	0.42092	1	1 1 0 1 0 1 0 0 0	11324	0.507
1	0.50305	1	1 1 0 1 0 0 0 0 1	88672	0.834
0	0	0	1 0 0 1 0 0 0 0 1	164672	1.495
1	1.8202	0	1 1 1 1 0 0 0 0 1	79870	1.332
1	3.6764	0	1 1 1 1 0 0 0 0 1	117920	1.644
1	1.0708	0	1 1 1 1 0 0 0 0 1	31160	1.160
1	0.63352	0	1 1 1 1 0 0 0 0 1	80543	1.412
1	-0.68638	1	1 1 1 1 0 0 1 1 0	39476	1.965
1	0.040644	0	1 1 1 1 0 0 0 0 1	29601	1.451
1	1.4109	1	1 1 0 1 0 0 0 0 1	10492	1.424
1	1.1076	1	1 1 0 1 0 0 0 0 1	6486	1.368
1	0.40429	0	1 1 1 1 0 0 0 0 1	11102	1.344
1	1.933	0	1 1 1 1 0 0 0 0 1	15040	1.710
1	0.77615	1	1 1 0 1 0 0 1 1 0	10780	1.124
1	-0.84313	0	1 1 1 1 0 0 0 0 1	97730	1.163
1	0.99595	0	1 1 1 1 0 0 0 0 1	15624	1.016
0	0	1	1 1 0 1 0 0 0 0 1	40992	0.816
0	0	0	0 1 0 0 0 0 0 0 1	58300	1.205
1	3.0677	0	1 1 1 1 0 0 0 0 1	118680	1.560
1	3.7676	0	1 1 1 1 0 0 0 0 1	88638	1.581
1	-0.85348	1	1 1 0 1 0 1 0 1 0	66440	1.374
1	1.0204	0	1 1 1 1 0 0 0 0 1	123690	1.751
