det	conf	occ	p1 p2 p3 p4 v1 v2 v3 v4 v5 size	ratio(w/h)
0	0	2	1 1 1 0 0 1 0 1 0	3450	1.388
1	-1.0474	2	1 1 0 1 0 0 0 1 1	18928	0.661
1	-0.96468	2	1 1 0 1 0 0 0 1 1	18480	0.677
1	-0.41854	1	1 1 1 1 0 1 0 0 1	40482	0.738
1	-0.26027	0	1 1 0 1 0 1 0 1 1	4160	0.646
1	0.25197	1	1 1 0 1 0 0 0 1 1	5768	0.539
0	0	0	1 1 0 1 0 0 0 1 1	5356	0.500
1	-0.24713	0	1 1 0 1 0 0 1 0 1	6720	0.532
1	-0.91801	1	1 1 1 1 0 0 0 1 0	32956	0.718
1	-0.6712	0	1 0 1 1 0 0 1 1 0	24336	1.000
0	0	0	0 0 1 1 0 1 0 1 0	5310	0.376
0	0	1	1 1 1 0 0 1 0 0 0	85144	1.584
1	0.62179	1	1 1 0 1 0 0 1 1 0	6767	0.660
0	0	0	1 1 1 1 0 1 0 1 1	10764	0.439
1	0.1579	0	1 1 1 1 0 1 0 1 1	13248	0.693
1	0.55772	0	1 1 1 1 0 1 0 1 1	8736	0.694
0	0	1	1 1 1 1 0 1 0 0 0	3312	0.634
1	-0.8999	1	1 1 0 0 0 0 1 1 1	12221	0.833
0	0	2	1 1 0 1 0 0 1 1 1	8880	0.718
1	-0.69548	1	1 1 0 0 0 0 1 1 1	9680	0.798
0	0	3	1 1 0 0 0 1 0 1 0	2254	0.938
0	0	2	1 1 0 0 0 1 0 1 0	1872	1.237
1	-0.68401	1	1 1 0 1 0 0 0 1 0	15246	0.960
1	-0.64	0	1 0 0 0 0 0 1 0 0	20979	1.709
0	0	1	1 0 0 1 0 1 0 1 0	9198	0.428
0	0	0	1 1 1 1 0 1 0 0 1	39010	0.705
1	-0.34964	0	1 1 0 1 0 1 0 0 0	23718	0.756
1	-0.2426	1	1 1 1 1 0 1 0 0 1	10092	0.748
0	0	2	1 1 0 1 0 1 0 1 0	1988	0.386
0	0	1	1 1 0 1 0 0 1 1 0	3744	0.718
1	-0.89424	1	1 1 1 0 0 1 0 1 1	52875	1.045
0	0	1	1 1 0 1 0 0 0 1 1	22700	0.438
1	0.046635	0	1 1 0 1 0 0 0 1 1	29380	0.573
1	-0.94808	1	1 0 1 0 0 1 0 1 0	15836	0.721
0	0	2	1 0 1 0 0 0 0 1 0	13653	1.109
1	-0.14215	0	1 1 0 1 0 1 0 1 1	22912	0.713
1	-0.015519	1	1 1 1 0 0 1 0 0 1	19200	0.852
0	0	1	1 0 0 1 0 0 1 1 0	3526	0.519
0	0	0	1 1 1 0 0 1 0 0 1	18060	1.086
1	-1.1211	0	1 1 1 0 0 1 0 0 1	18352	1.195
1	-0.447	0	1 0 0 1 0 0 1 0 0	11753	0.450
1	-0.52089	1	1 1 0 1 0 0 0 1 0	3432	0.558
0	0	2	1 1 0 1 0 0 0 1 0	11136	0.677
1	0.33122	0	1 1 0 1 0 0 1 1 1	12285	0.897
0	0	0	1 1 0 0 0 0 1 1 0	9765	0.885
1	-0.022662	0	1 1 0 0 0 0 1 1 0	12650	1.046
0	0	0	1 1 1 0 0 0 0 1 1	3840	0.595
0	0	1	1 1 0 1 0 0 1 0 1	2754	1.060
0	0	1	1 1 0 0 0 0 1 1 1	2744	1.146
0	0	2	1 1 1 0 0 0 0 1 1	2684	0.717
0	0	1	1 1 1 1 0 0 0 1 1	2346	0.485
0	0	1	1 1 1 1 0 0 0 1 1	4450	0.557
0	0	1	1 1 0 1 0 0 1 0 1	3132	0.930
0	0	1	1 1 1 1 0 0 0 1 1	4180	0.720
0	0	2	1 1 1 0 0 1 0 1 1	3528	0.676
0	0	1	1 1 1 1 0 0 0 1 1	1908	0.673
0	0	3	1 1 1 1 0 0 0 1 1	3212	0.597
0	0	2	1 1 1 1 0 0 0 1 1	4602	0.753
1	-0.47312	1	1 0 0 1 0 0 1 0 0	20216	0.874
0	0	1	1 0 0 1 0 0 1 1 0	12600	0.408
0	0	1	1 0 0 1 0 0 1 1 1	21976	0.816
0	0	1	1 0 0 0 0 0 1 1 1	19668	0.885
1	-0.253	1	0 0 1 1 0 0 0 1 1	20758	0.451
0	0	1	1 1 1 0 0 1 0 0 0	129058	1.078
0	0	2	0 0 1 0 0 1 0 1 1	78625	2.304
1	-0.48577	1	1 1 1 1 0 0 0 1 1	84626	0.811
0	0	1	1 1 1 0 0 1 0 0 0	187500	1.334
0	0	0	1 1 1 0 0 1 0 1 0	41825	1.368
1	-0.87819	0	1 1 1 0 0 1 0 1 0	50470	1.190
1	-0.94746	2	1 1 0 0 0 0 0 1 1	165501	1.494
1	-0.58754	2	1 1 0 1 0 1 0 1 0	65626	0.665
1	-0.74303	1	1 1 0 0 0 0 1 1 1	85408	1.155
0	0	1	1 1 0 1 0 0 1 1 1	55216	0.745
0	0	2	1 0 1 0 0 1 0 1 0	87348	1.388
0	0	1	1 1 1 0 0 1 0 1 1	112200	1.030
0	0	2	0 1 0 0 0 1 0 0 0	18900	0.839
1	-0.39677	0	1 1 0 1 0 0 1 1 0	15660	0.858
0	0	1	1 1 1 0 0 1 0 0 0	4968	0.958
1	-0.71189	2	1 0 1 0 0 1 0 1 0	51759	1.142
0	0	2	1 1 1 0 0 1 0 1 0	29376	0.796
1	0.61152	0	1 1 1 1 0 1 0 0 0	17160	0.628
0	0	1	1 1 1 0 0 1 0 1 0	9900	1.225
0	0	2	1 1 1 0 0 1 0 0 0	112176	0.959
0	0	2	1 0 1 0 0 0 0 1 0	12183	0.708
1	-0.61154	0	1 1 0 0 0 1 0 1 1	131705	1.045
1	-0.66639	1	1 1 0 0 0 1 0 1 1	18848	0.815
0	0	2	1 0 0 0 0 1 0 0 0	77380	1.725
1	-0.79051	1	1 1 1 1 0 0 0 1 1	27400	0.683
1	-0.44602	0	1 1 1 1 0 1 0 0 1	53040	0.921
1	-0.37739	0	1 0 0 1 0 0 1 1 0	7992	0.682
0	0	1	1 0 0 0 0 0 1 0 0	8769	0.709
1	-1.1753	2	1 0 0 0 0 1 0 1 0	8510	0.640
0	0	1	1 1 0 1 0 0 1 1 0	22977	0.534
1	-0.00033405	1	1 1 0 1 0 1 0 1 1	20246	0.553
1	-0.68358	1	1 1 1 0 0 1 0 1 1	26850	0.837
0	0	1	1 1 0 1 0 0 1 1 1	10875	0.514
0	0	3	1 0 0 0 0 1 0 0 0	8349	0.567
0	0	2	1 1 0 0 0 0 1 0 0	15444	0.885
1	-0.27449	1	1 1 0 0 0 0 0 1 1	37228	0.721
0	0	1	1 1 0 0 0 0 0 1 1	24566	0.820
1	0.20608	0	1 1 1 1 0 0 0 1 1	14469	0.570
0	0	1	1 1 1 0 0 0 0 1 0	9042	0.478
0	0	2	1 1 1 0 0 0 0 1 0	5668	0.472
1	-0.23482	0	1 1 0 1 0 0 1 0 1	19968	0.539
0	0	2	1 1 1 0 0 0 0 1 0	5159	0.868
1	0.028781	0	1 1 1 1 0 0 0 1 0	13588	0.541
0	0	2	1 0 0 1 0 0 1 1 0	3311	0.553
1	-0.80565	2	1 0 0 0 0 1 0 0 0	6832	0.541
1	-0.72085	0	1 1 1 0 0 0 0 1 1	51800	1.695
1	-1.0575	3	0 0 1 0 0 1 0 0 0	110162	2.221
0	0	2	1 0 0 0 0 1 0 1 0	5063	1.367
0	0	1	1 1 0 1 0 0 0 1 0	15386	0.622
1	-0.56138	0	1 1 0 1 0 0 1 0 1	26815	1.117
0	0	0	1 1 1 1 0 0 1 1 0	11481	0.688
1	-0.66425	0	1 0 1 1 0 0 1 0 0	11305	0.636
0	0	1	1 1 0 0 0 0 1 0 1	31959	1.266
1	-0.40975	1	1 1 0 0 0 0 0 1 1	32164	1.088
0	0	2	1 1 0 0 0 1 0 0 0	42486	0.885
1	-0.49329	0	1 1 0 1 0 1 0 0 1	7752	0.743
1	-0.49758	2	1 1 0 1 0 0 1 0 0	6270	0.691
1	-0.50373	1	1 1 0 1 0 1 0 0 0	4732	0.567
0	0	2	1 1 0 1 0 0 1 1 0	19200	1.173
1	-0.89327	1	1 1 1 1 0 1 0 0 0	6552	0.928
1	-0.87997	0	1 1 1 0 0 1 0 1 1	23068	1.083
0	0	1	1 1 1 1 0 1 0 1 0	10300	0.971
0	0	0	1 1 1 1 0 0 1 1 0	6308	0.915
0	0	1	1 1 1 0 0 0 0 1 0	3245	0.931
1	-0.83512	1	1 1 1 0 0 1 0 1 1	30076	0.707
0	0	1	1 1 1 0 0 0 1 1 1	53754	1.557
1	-0.66883	0	1 1 1 0 0 1 0 0 0	6438	0.849
0	0	1	1 1 1 0 0 1 0 0 0	7007	0.844
1	-0.77316	1	1 1 0 0 0 1 0 1 1	18733	0.915
1	-0.33202	1	1 1 0 1 0 1 0 1 0	23199	0.529
1	-1.1733	1	1 1 0 1 0 1 0 1 1	17423	0.985
0	0	1	1 1 0 0 0 1 0 1 1	6720	0.726
0	0	1	1 1 0 1 0 1 0 1 1	5600	0.441
1	-0.29962	0	1 1 0 1 0 1 0 1 0	8268	0.733
0	0	2	1 1 1 0 0 1 0 1 0	43071	0.500
1	-0.25057	0	1 1 1 1 0 0 1 0 1	33369	0.646
1	-1.2061	1	0 1 0 1 0 0 0 1 1	129978	1.912
1	-0.030836	1	1 1 0 1 0 0 1 0 0	10496	0.638
1	-0.49584	1	1 1 1 1 0 0 0 1 0	9676	0.692
1	-0.81796	0	0 1 0 1 0 0 0 1 0	33687	0.867
1	-0.10365	0	1 1 1 1 0 0 1 1 0	15000	0.664
0	0	3	1 0 0 1 0 1 0 1 0	4935	0.442
0	0	2	0 1 0 1 0 0 0 1 0	2065	0.586
0	0	0	1 1 1 0 0 1 0 1 1	20670	0.816
0	0	0	1 1 0 1 0 1 0 1 0	2576	0.818
0	0	0	1 1 0 1 0 0 1 1 1	31140	0.961
0	0	1	1 1 0 1 0 0 1 1 1	22272	0.602
0	0	2	1 1 0 1 0 1 0 1 1	25168	0.427
0	0	1	1 1 0 0 0 1 0 0 1	110035	0.790
0	0	1	1 1 0 1 0 1 0 1 1	25110	1.045
1	-0.5624	0	1 1 0 1 0 0 1 1 0	9196	0.625
0	0	0	1 1 0 1 0 1 0 1 0	9594	0.698
1	-0.52656	0	1 1 0 1 0 0 1 1 1	32035	0.692
1	-0.68375	1	1 1 0 1 0 1 0 1 1	25472	0.641
0	0	1	1 1 0 1 0 1 0 1 1	26418	0.534
0	0	0	0 1 0 1 0 0 1 1 1	16898	0.837
0	0	0	0 1 1 0 0 1 0 1 1	8700	0.869
1	-0.45641	0	1 1 0 1 0 1 0 0 0	1716	0.627
1	-1.0392	0	1 1 0 1 0 1 0 1 0	2100	0.837
0	0	0	1 1 0 1 0 1 0 1 0	2255	0.741
0	0	0	1 0 1 1 0 1 0 1 0	2376	0.811
0	0	1	1 1 0 1 0 1 0 0 0	16770	0.360
1	-0.001209	0	1 1 0 1 0 1 0 0 0	12070	0.596
1	-0.49675	1	1 1 1 1 0 1 0 1 0	5063	0.732
1	-0.35513	0	1 1 1 1 0 0 1 1 0	5148	0.844
0	0	3	0 1 1 0 0 1 0 1 0	140184	1.591
0	0	1	1 1 1 0 0 1 0 1 1	11663	0.981
0	0	0	1 1 0 1 0 1 0 0 1	9425	0.444
0	0	0	1 0 1 1 0 0 1 1 1	28140	0.636
1	-0.78882	2	1 1 1 0 0 1 0 1 0	112200	1.485
0	0	3	1 1 0 1 0 1 0 1 0	37324	2.439
1	-0.10119	0	1 1 0 1 0 0 1 0 1	13728	0.786
1	-0.37702	0	1 1 0 1 0 0 1 0 1	14848	0.906
0	0	1	1 1 0 1 0 0 0 1 1	9130	0.327
1	-0.63585	1	1 1 1 0 0 1 0 1 1	18576	1.117
0	0	1	1 0 0 1 0 0 1 0 0	5035	0.553
1	-1.0224	3	1 0 1 0 0 1 0 1 0	104120	0.720
1	-0.051844	1	1 1 0 1 0 1 0 1 0	28200	0.797
1	-0.42423	1	1 1 0 1 0 0 1 1 1	24750	0.629
1	0.21962	1	1 1 0 1 0 0 1 1 1	22620	0.746
1	-0.97512	0	1 1 1 0 0 0 0 1 0	14596	2.185
0	0	3	1 0 1 0 0 0 0 1 0	3392	1.212
1	-0.6656	2	1 1 1 1 0 1 0 1 0	16543	0.302
0	0	1	1 1 0 1 0 0 1 0 1	43776	0.526
1	-0.059215	0	1 1 0 1 0 1 0 0 1	65110	0.442
0	0	1	1 1 0 1 0 0 0 1 0	13559	0.608
1	-0.2568	1	1 1 1 0 0 1 0 1 1	25375	1.208
0	0	1	1 1 0 1 0 0 1 1 1	3526	0.519
1	0.0089876	0	1 1 1 1 0 0 0 1 0	6240	0.573
0	0	1	1 1 0 1 0 1 0 0 0	6288	0.362
0	0	2	1 0 1 0 0 1 0 1 0	49020	1.360
1	-0.73849	1	1 1 1 0 0 1 0 1 0	7920	0.806
0	0	1	1 1 1 0 0 1 0 1 0	5060	0.593
0	0	0	1 1 0 1 0 0 1 1 0	27270	0.667
1	-1.0057	1	1 1 0 1 0 1 0 1 1	18000	0.799
1	-0.27664	0	1 1 0 1 0 1 0 0 1	8400	0.667
1	-0.14774	0	1 1 1 1 0 1 0 0 1	11830	0.698
1	-0.57604	1	1 1 1 0 0 1 0 0 1	14859	0.921
1	-0.63105	1	1 1 1 1 1 1 0 1 0	56445	0.803
0	0	1	1 0 0 1 0 0 1 1 0	2408	0.764
1	-0.48766	1	1 0 0 1 0 0 1 0 0	5200	0.810
1	-0.60593	1	1 1 0 0 0 0 1 1 1	21432	0.927
0	0	1	1 1 0 0 0 0 1 1 1	24140	1.199
0	0	0	1 1 1 0 0 1 0 0 1	12312	0.947
1	0.12616	0	1 1 1 0 0 1 0 1 1	19257	0.890
0	0	1	1 1 1 1 0 0 1 1 0	3920	0.608
0	0	1	1 0 1 0 0 1 0 0 0	28800	1.126
0	0	2	1 1 0 1 0 1 0 1 0	5904	0.877
1	0.20096	0	1 1 1 1 0 0 1 1 0	8532	0.729
0	0	2	1 1 1 0 0 1 0 0 1	182634	1.364
0	0	0	1 1 0 1 0 0 1 0 1	8881	0.774
0	0	1	1 1 0 1 0 0 1 1 1	12296	0.913
0	0	2	1 0 0 1 0 0 0 1 1	9416	0.821
1	-0.91313	1	1 1 0 1 0 0 1 0 0	3360	0.932
0	0	2	1 1 1 0 0 1 0 1 1	6020	0.812
0	0	0	1 1 1 1 0 0 1 1 1	31717	1.225
1	-0.48473	0	1 0 0 1 0 1 0 0 0	6955	0.604
1	-0.70237	0	1 0 0 0 0 0 1 0 1	27118	1.223
0	0	0	1 1 0 1 0 0 0 1 1	6734	0.811
0	0	2	1 1 0 1 0 1 0 1 0	5456	0.701
0	0	1	1 1 0 1 0 0 0 1 0	1989	0.760
0	0	1	1 0 0 0 0 0 1 1 1	34744	1.175
1	-0.73622	0	1 0 1 0 0 0 0 1 0	15400	0.784
0	0	1	1 1 0 1 1 0 1 1 0	66878	1.181
1	0.20759	0	1 1 0 1 0 1 0 0 1	10956	0.626
1	0.32528	0	1 1 0 1 0 1 0 0 1	9384	0.489
0	0	0	1 1 0 1 0 1 0 0 1	13095	0.716
1	-0.0080696	0	1 1 0 1 0 1 0 0 0	8613	0.878
0	0	0	1 1 0 0 0 1 0 0 0	4070	1.352
1	0.36866	1	1 1 0 1 0 1 0 0 1	11815	0.609
1	0.34375	2	1 0 0 1 0 1 0 0 1	8418	0.562
1	-0.14083	1	1 1 0 1 0 0 1 0 1	8584	0.635
0	0	1	0 1 0 1 0 0 1 0 0	7169	0.623
1	-0.24878	1	1 0 0 1 0 0 1 0 0	15255	0.836
1	-0.34111	1	1 1 0 1 0 0 1 1 0	16750	1.073
1	0.33338	1	1 1 0 1 0 1 0 1 1	13568	0.827
0	0	3	1 0 0 1 0 0 1 0 0	6806	1.012
0	0	2	1 0 0 1 0 0 1 0 0	4402	0.871
0	0	2	1 1 0 0 0 1 0 1 0	5358	0.602
0	0	1	1 1 0 0 0 1 0 1 0	4600	0.538
0	0	1	1 0 0 1 0 0 1 1 0	11484	0.376
0	0	2	1 1 0 0 0 0 0 1 0	10251	0.434
1	-0.72917	1	1 1 0 0 0 0 0 1 1	17584	0.712
0	0	1	1 1 0 1 0 0 0 1 0	11919	0.632
1	-0.49037	0	1 1 1 1 0 1 0 1 1	8652	0.814
1	-0.44996	1	1 1 0 1 0 1 0 1 0	6969	0.680
0	0	0	1 1 0 1 0 1 0 1 0	7668	0.654
0	0	0	1 1 0 1 0 1 0 0 0	6656	0.612
1	0.059356	0	1 1 1 1 0 0 1 1 1	25350	1.128
0	0	2	1 1 0 1 0 0 0 1 0	12096	0.760
1	0.42048	1	1 1 0 1 0 0 1 1 1	17270	0.699
0	0	3	1 0 0 1 0 1 0 0 0	5848	0.788
0	0	0	1 0 0 0 0 0 1 0 0	36600	0.915
0	0	0	1 1 1 1 0 1 0 0 1	7755	0.386
0	0	1	1 0 0 0 0 0 1 1 1	19448	0.951
0	0	2	1 1 0 0 0 1 0 1 1	9384	0.901
1	-0.046049	1	1 1 0 1 0 1 0 1 1	31382	0.641
1	-0.88106	1	1 1 1 0 0 1 0 1 0	10476	0.897
1	-0.21971	1	1 1 1 1 0 1 0 1 0	8280	0.571
0	0	0	1 1 0 1 0 0 1 0 0	9072	0.568
1	0.056676	1	1 1 1 1 0 0 0 1 0	8000	0.508
0	0	0	1 1 0 1 0 0 1 1 1	17640	0.899
0	0	1	1 1 0 1 0 0 1 1 1	11858	1.237
1	-0.48985	1	1 0 0 1 1 0 1 1 0	61248	0.601
0	0	0	1 1 0 1 0 1 0 1 1	20584	0.745
1	-0.91975	0	1 1 0 1 0 1 0 1 1	16800	0.654
0	0	2	1 1 0 0 0 1 0 1 0	14706	0.883
0	0	2	1 0 0 1 0 1 0 0 0	14784	0.521
1	0.70883	1	1 1 0 1 0 0 0 1 1	21056	0.594
1	0.73786	1	1 1 0 1 0 0 0 1 1	22116	0.585
1	0.77525	0	1 1 0 1 0 0 1 0 1	25212	0.689
1	0.9174	0	1 1 0 1 0 0 1 0 1	27522	0.701
0	0	1	1 1 1 1 0 1 0 1 0	22800	1.013
0	0	1	1 1 1 1 0 1 0 1 0	11745	0.556
1	0.039164	0	1 1 0 1 0 0 1 0 0	3300	0.581
0	0	2	1 0 1 0 0 0 0 1 1	11800	1.182
1	-0.5468	0	1 1 1 0 0 1 0 1 1	6750	0.831
1	-0.55434	2	1 1 0 0 0 1 0 0 1	8112	0.748
1	-0.59901	2	1 1 0 1 0 1 0 1 1	15408	0.741
0	0	1	1 0 1 1 0 0 0 1 1	52371	0.817
0	0	2	1 1 0 1 0 0 0 1 1	24276	0.581
1	-0.43758	0	1 1 0 0 0 0 1 0 1	15498	2.321
0	0	0	1 0 1 1 0 0 0 1 0	8326	0.250
0	0	1	1 1 0 0 0 1 0 0 0	18476	1.203
1	-0.36997	0	1 1 0 1 0 1 0 1 0	12744	0.915
0	0	2	1 1 1 0 0 1 0 1 0	98262	0.972
0	0	1	1 1 1 0 0 1 0 1 0	24084	0.482
1	-0.076343	0	1 1 0 1 0 1 0 1 1	14938	0.627
0	0	0	1 1 1 1 0 0 0 1 1	24070	1.146
1	-0.64926	0	1 0 1 0 0 0 1 0 1	21965	1.667
1	-0.30263	0	1 1 0 1 0 0 1 0 1	19642	0.756
0	0	1	1 1 0 1 0 0 0 1 1	24552	0.624
0	0	2	1 1 0 1 0 0 1 1 0	7308	1.036
1	-0.94432	0	1 1 1 0 0 1 0 0 1	116202	1.128
1	-0.77773	2	1 1 0 1 0 1 0 1 1	91086	1.146
1	-0.70017	0	1 1 0 1 0 0 1 0 1	4690	0.957
0	0	1	1 1 0 1 0 1 0 0 0	2132	0.784
0	0	2	1 1 1 1 0 1 0 1 0	4752	0.915
0	0	2	1 1 1 1 0 1 0 1 0	4615	0.914
1	-0.238	1	1 1 1 1 0 1 0 1 0	6300	0.775
1	-0.57608	1	1 1 0 1 0 0 1 1 1	5184	0.558
0	0	1	1 1 0 1 0 1 0 1 0	10824	0.713
1	-0.9062	1	1 1 0 1 0 1 0 1 0	4959	0.651
0	0	1	1 1 0 1 0 0 1 1 0	2370	0.372
1	0.15616	1	1 1 0 1 0 0 1 1 0	4840	0.621
1	-1.163	1	1 1 1 0 0 0 1 1 1	75446	1.333
1	-0.39205	0	1 1 1 1 0 1 0 1 0	14300	0.845
0	0	1	1 1 1 0 0 1 0 1 0	11312	1.110
1	0.19214	1	1 1 0 1 0 0 1 1 0	14529	0.518
0	0	2	1 0 0 1 0 0 0 1 0	11627	0.507
1	-0.95394	2	1 1 1 0 0 1 0 0 0	53784	0.867
0	0	0	1 1 0 1 0 0 0 1 0	6885	0.373
0	0	1	1 0 1 1 0 0 1 1 1	32399	0.989
1	-0.21804	0	1 1 1 1 0 0 0 1 0	2714	0.776
1	-0.8401	0	1 1 1 0 0 1 0 1 1	130620	1.352
1	-0.6568	1	1 1 1 1 0 0 1 0 0	7904	0.728
1	-0.51202	0	1 1 1 0 0 1 0 1 1	54600	1.438
1	-0.45066	1	1 1 1 1 0 1 0 1 1	54036	0.962
0	0	2	1 1 0 0 0 0 0 1 1	3105	0.647
0	0	1	1 1 0 0 0 0 0 1 1	4307	0.806
0	0	1	1 1 0 1 0 1 0 1 1	8364	0.549
1	-0.89216	1	1 1 0 1 0 1 0 1 1	18000	0.447
0	0	1	1 0 1 1 0 0 1 1 0	8075	0.894
0	0	3	1 0 1 0 0 1 0 0 0	9504	1.845
1	-0.51651	1	1 1 0 1 0 1 0 1 0	34100	0.703
0	0	1	1 1 1 0 0 1 0 1 0	19968	1.220
0	0	2	1 1 0 1 0 0 0 1 1	21038	0.853
1	-0.85427	2	1 0 0 1 0 1 0 1 1	11455	0.542
0	0	1	1 0 0 1 0 1 0 1 0	4374	0.662
0	0	2	1 0 0 0 0 1 0 1 0	3096	0.592
1	-0.74728	1	1 1 0 1 0 1 0 0 0	20769	0.800
0	0	2	1 1 1 0 0 1 0 1 0	53946	1.095
0	0	0	0 1 1 0 0 1 0 1 1	7590	0.570
0	0	0	1 1 1 1 0 1 0 0 1	93749	0.619
0	0	1	0 1 0 1 0 1 0 1 1	15360	1.067
0	0	1	1 1 0 0 0 0 0 1 1	9135	1.209
0	0	2	1 1 0 0 0 0 0 1 1	3360	0.470
0	0	3	1 1 0 1 0 0 0 1 0	3770	0.891
0	0	3	1 1 0 1 0 1 0 1 0	1632	0.620
0	0	2	1 0 0 1 0 0 1 1 0	2430	0.830
0	0	1	1 0 0 0 0 0 1 0 0	1296	0.239
1	-0.99333	1	1 1 0 1 0 1 0 0 0	42594	0.811
1	-0.71331	1	1 1 0 0 0 0 1 1 1	15900	1.419
1	-0.97325	2	1 0 1 0 0 1 0 1 0	92590	1.679
0	0	3	1 0 1 0 0 1 0 1 0	36157	1.209
1	-0.91918	2	1 1 1 0 0 1 0 0 1	52185	0.869
0	0	2	1 1 1 0 0 1 0 0 1	72790	1.156
1	-0.014318	0	1 1 0 1 0 0 0 1 0	30284	0.419
0	0	0	1 1 1 0 0 1 0 1 1	19584	1.197
0	0	1	1 1 0 1 0 0 0 1 1	7326	0.591
1	-0.86611	1	0 1 1 0 0 0 1 1 1	32239	3.059
1	-1.0818	0	1 1 0 0 0 1 0 1 1	82845	0.834
1	-0.56884	0	1 1 0 1 0 0 1 1 1	13482	0.848
1	-0.66346	0	1 1 0 1 0 0 0 1 1	12741	0.676
0	0	2	1 1 0 1 0 1 0 1 0	18624	0.503
1	-0.56364	1	1 1 0 1 0 0 1 1 0	9594	0.698
1	-0.33002	1	1 1 0 1 0 0 1 1 0	11648	0.928
0	0	0	1 0 0 0 0 0 0 1 1	9536	0.426
1	-0.80923	0	1 1 0 1 0 1 0 1 0	7150	0.345
1	-0.7186	0	1 1 0 1 0 1 0 1 1	34944	1.055
0	0	1	1 1 0 1 0 0 0 1 1	6696	0.570
1	-0.82341	1	1 1 0 1 0 0 1 0 0	6072	0.714
1	-0.74425	1	1 1 0 1 0 0 1 0 1	4977	0.795
1	-0.9772	2	1 1 0 1 0 0 1 1 1	4256	0.733
1	-0.98379	2	1 0 1 0 0 1 0 0 0	104291	2.394
1	-0.70515	2	1 1 0 0 0 1 0 1 1	21868	0.922
0	0	0	1 1 1 0 0 1 0 1 0	6256	0.736
0	0	2	0 0 1 0 0 1 0 1 1	45936	1.173
1	-0.21811	1	1 1 0 1 0 0 1 1 1	29127	0.606
0	0	0	1 1 0 1 0 1 0 1 1	45046	0.905
0	0	1	1 1 0 1 0 1 0 1 1	24753	0.495
0	0	2	1 1 0 1 0 0 1 1 0	15704	0.687
0	0	1	1 1 0 1 0 0 1 1 0	3444	0.482
0	0	1	1 1 1 0 0 1 0 0 1	186500	1.341
1	-0.7503	1	1 1 0 0 0 0 1 1 1	28880	0.799
0	0	0	1 1 1 0 0 0 0 1 1	25668	1.675
0	0	0	1 1 0 1 0 1 0 1 0	8979	0.590
1	-0.28208	1	1 1 0 1 0 1 0 1 0	8960	0.712
1	-0.86706	0	1 1 0 0 0 1 0 1 0	8850	1.581
0	0	3	1 1 0 1 0 0 0 1 0	12426	0.956
0	0	1	1 1 1 0 0 1 0 0 0	44884	1.169
1	-0.87393	1	1 1 1 0 0 1 0 1 0	50566	1.359
0	0	3	1 0 0 0 0 1 0 1 0	18422	0.807
0	0	1	1 1 1 1 0 1 0 1 1	6806	1.012
0	0	1	1 1 1 0 0 1 0 1 1	8008	0.967
1	-0.79504	0	1 1 0 1 1 1 0 0 0	78364	1.044
1	-1.1622	1	1 1 1 0 0 1 0 0 0	160820	1.150
1	-0.22455	0	1 1 0 1 0 0 0 1 1	10044	0.650
0	0	2	1 1 0 1 0 0 0 1 1	3965	0.938
0	0	1	1 1 0 1 0 0 1 0 0	1377	0.520
0	0	1	1 1 0 1 0 0 1 0 0	1250	0.490
0	0	1	1 1 0 1 0 0 1 1 0	1316	0.587
1	-0.34357	0	1 1 0 1 0 1 0 0 1	20160	0.455
0	0	1	1 1 1 0 0 1 0 1 0	100710	0.723
0	0	1	1 0 0 1 0 0 1 0 0	2820	0.780
0	0	0	1 0 0 1 0 0 1 0 0	3055	0.719
0	0	1	1 0 0 1 0 0 1 0 0	3016	0.895
0	0	0	1 0 1 1 0 0 0 1 0	2480	0.639
0	0	0	1 1 0 1 0 0 0 1 0	1040	0.373
1	-0.31962	1	1 1 1 1 0 1 0 1 1	12546	0.828
1	-0.96461	2	1 0 1 1 0 0 1 1 0	4732	0.567
1	-0.86565	1	1 1 1 1 0 0 1 1 0	7020	0.865
1	-0.51246	0	1 1 1 1 0 1 0 0 0	11610	0.634
0	0	0	1 1 1 0 0 0 0 1 1	24628	1.438
1	-0.93554	2	1 0 0 1 0 0 0 1 1	5700	0.248
0	0	0	1 1 0 0 0 1 0 1 1	116820	1.073
0	0	2	0 1 1 1 0 1 0 1 1	32218	0.983
0	0	1	1 1 0 1 0 0 0 1 1	9230	0.543
1	0.37784	1	1 1 0 1 0 0 1 0 1	14043	0.613
1	-0.50969	3	1 1 0 1 0 0 0 1 0	25088	0.651
1	-0.27911	1	1 1 1 0 0 0 1 1 1	19140	0.910
0	0	2	1 0 0 1 0 0 1 1 0	6210	0.336
1	-0.053424	2	1 0 0 1 0 0 1 1 0	6510	0.266
1	-0.19442	2	1 0 0 1 0 0 1 1 0	15204	0.461
0	0	1	1 1 0 1 0 0 1 1 1	23142	0.763
1	-0.67159	2	1 1 1 1 0 1 0 1 0	14161	1.000
1	-0.41885	0	1 1 1 1 0 0 1 1 0	8463	0.978
0	0	1	1 1 0 0 0 0 1 0 1	14336	0.874
1	-0.35757	1	1 1 0 1 0 0 1 0 1	17514	1.104
0	0	0	1 1 0 1 0 0 1 0 1	9462	0.726
0	0	0	1 1 0 1 0 0 1 1 1	11115	0.810
0	0	1	1 1 0 1 0 0 0 1 1	7100	0.707
0	0	0	1 1 0 1 0 1 0 1 1	5229	0.756
1	-0.066001	0	1 1 0 1 0 1 0 1 1	3496	0.600
0	0	0	1 1 0 1 0 0 1 1 1	11845	0.895
0	0	1	1 1 0 1 0 1 0 1 1	7410	0.819
0	0	1	1 1 0 1 0 1 0 0 0	2220	0.610
0	0	1	1 1 0 1 0 1 0 0 0	2052	0.698
1	-0.37696	1	1 1 0 1 0 0 1 0 0	2166	0.661
0	0	0	1 1 0 1 0 1 0 1 1	3584	0.873
0	0	2	1 1 0 1 0 0 0 1 1	1960	0.813
0	0	0	1 1 0 1 0 1 0 1 1	4800	0.747
0	0	2	1 1 1 1 0 1 0 1 1	112424	0.795
1	-0.35784	2	1 1 0 0 0 0 0 1 1	19072	0.858
1	-0.37495	2	1 1 0 0 0 0 0 1 0	85785	0.947
0	0	0	1 1 0 1 0 0 1 1 0	10209	0.672
0	0	0	1 1 0 1 0 0 1 1 1	18906	1.007
1	-0.55118	1	1 1 1 0 0 1 0 1 1	9240	0.761
1	-0.18598	0	1 1 0 1 0 0 1 1 0	10858	0.727
0	0	0	1 1 1 1 0 0 0 1 0	5124	0.339
1	-0.70688	2	1 1 0 1 0 0 0 1 0	8816	0.652
1	-0.54643	1	1 1 0 1 0 0 1 1 0	4510	0.667
1	-0.62096	1	1 1 1 1 0 0 0 1 1	50932	0.899
0	0	2	1 1 0 1 0 0 0 1 0	34686	0.571
1	0.11456	1	1 1 0 1 0 0 1 1 0	52923	0.591
1	-0.26059	2	1 1 0 1 0 1 0 1 0	25498	0.582
0	0	2	1 1 0 1 0 1 0 1 0	41910	0.648
0	0	0	1 1 1 1 0 0 1 0 0	2397	0.920
0	0	0	1 1 0 1 0 1 0 0 0	2079	0.516
1	-0.80891	0	1 1 1 1 0 0 1 0 0	2475	0.815
1	-0.8955	0	1 1 1 1 0 0 1 0 0	2576	0.818
0	0	0	1 1 1 1 0 1 0 1 0	3192	0.982
0	0	2	1 1 0 1 0 0 0 1 0	5100	0.905
1	-0.10081	0	1 1 0 1 0 0 0 1 1	5460	0.656
1	-0.64112	1	1 1 0 1 0 0 0 1 1	1950	0.776
1	-0.80376	2	1 1 0 1 0 1 0 1 1	2408	0.764
0	0	2	1 1 1 0 0 0 0 1 1	6305	0.667
1	-0.4342	0	1 1 1 0 0 1 0 0 0	143724	1.187
0	0	1	1 1 0 1 0 1 0 1 1	16848	0.690
1	0.52169	1	1 1 0 1 0 0 1 1 1	16568	0.715
0	0	2	1 0 0 0 0 1 0 0 0	13035	0.476
0	0	2	1 0 1 0 0 1 0 1 1	13986	0.880
0	0	0	1 1 1 1 0 1 0 1 1	10873	0.631
0	0	2	1 1 0 1 0 0 0 1 0	8023	0.625
1	-0.38508	1	1 1 1 1 0 0 1 1 0	8670	0.832
0	0	2	1 1 1 1 0 1 0 1 0	3120	0.506
1	-0.22158	0	1 1 0 1 0 0 1 0 0	7866	0.602
1	-0.47051	0	1 1 1 1 0 0 1 1 0	9570	0.789
1	-0.76591	1	1 1 1 0 0 1 0 0 1	104618	0.798
0	0	1	1 1 0 1 0 1 0 1 1	14694	0.586
1	0.29925	0	1 1 0 1 0 0 0 1 1	15150	0.671
0	0	2	1 0 0 1 0 1 0 1 0	9052	0.585
1	0.12016	0	1 1 0 1 0 0 1 1 1	15251	0.667
1	-0.025826	2	1 1 0 1 0 1 0 1 0	9322	0.667
1	0.027849	2	1 1 0 1 0 0 1 0 0	6386	0.598
1	0.22996	1	1 1 0 1 0 0 0 1 0	4731	0.683
1	-0.42453	3	1 0 0 1 0 1 0 1 0	8175	0.685
1	-0.31297	1	1 1 1 0 0 1 0 1 1	13110	1.009
1	-0.67453	0	1 0 1 0 0 0 0 1 1	20008	1.347
1	-0.72095	2	1 1 0 1 0 0 1 0 0	18447	1.109
0	0	3	1 1 0 0 0 1 0 1 1	12744	0.915
0	0	3	1 1 0 1 0 1 0 0 0	6400	0.636
1	-0.21258	1	1 1 1 1 0 1 0 1 0	2736	0.839
1	-0.55216	2	1 0 0 1 0 0 1 1 0	3872	0.494
1	-0.47528	0	1 1 1 0 0 1 0 1 1	9292	0.910
0	0	1	1 1 0 0 0 0 1 1 0	9591	2.029
1	-1.1773	1	1 1 1 0 0 0 0 1 1	77822	1.435
0	0	1	1 1 1 1 0 1 0 1 1	10810	0.816
1	-0.57116	1	1 1 0 1 0 0 1 1 0	2703	1.040
1	-0.775	1	1 1 0 1 0 0 1 1 0	2436	0.719
0	0	2	1 0 0 1 0 0 1 1 0	2160	0.936
1	-0.72436	0	1 1 1 0 0 1 0 1 1	19404	1.990
1	-1.0837	0	1 1 1 0 0 1 0 1 1	11984	0.955
0	0	1	0 1 1 1 0 1 0 1 0	92545	1.865
1	-1.0483	1	1 1 0 0 0 1 0 0 1	7991	0.462
0	0	1	1 1 1 0 0 1 0 0 1	213693	1.119
0	0	2	1 1 0 1 0 0 1 1 0	3379	0.278
1	0.33088	1	1 1 0 1 0 0 1 1 0	9600	0.664
1	0.1708	1	1 1 0 1 0 0 1 1 0	9996	0.703
1	-0.69623	0	1 1 0 1 0 1 0 0 1	8910	0.485
0	0	0	1 1 0 1 0 1 0 1 1	11620	0.418
0	0	2	1 1 1 1 0 1 0 0 0	31248	0.506
1	-1.2024	1	1 1 0 1 0 0 1 1 1	3952	0.680
0	0	1	1 1 0 1 0 0 1 1 1	2970	0.981
0	0	0	1 1 0 1 0 0 1 1 1	3710	0.754
0	0	1	1 1 0 0 0 0 1 1 1	36890	1.539
1	-0.9057	3	1 1 1 0 0 1 0 1 1	38475	0.759
0	0	2	1 1 1 1 0 0 0 1 1	13363	0.512
1	-0.75906	2	1 0 1 0 0 1 0 1 0	26928	1.151
1	-0.34282	0	1 1 1 0 0 1 0 1 1	15120	1.050
0	0	2	1 1 1 0 0 1 0 1 1	10140	1.675
0	0	2	1 1 0 0 0 1 0 1 1	9207	1.065
0	0	2	1 1 0 1 0 1 0 1 0	5705	0.210
0	0	2	1 1 1 0 0 0 1 1 1	6460	1.120
0	0	1	1 1 1 0 0 1 0 0 1	2520	0.800
0	0	1	1 1 1 1 0 0 0 1 1	7931	0.745
0	0	1	1 1 0 0 0 1 0 1 1	184884	1.337
1	-0.93798	2	1 1 1 0 0 1 0 0 1	102300	1.065
1	-0.9328	1	1 1 0 1 0 1 0 0 1	20720	0.603
0	0	1	1 1 0 1 0 1 0 1 1	20160	0.455
0	0	1	1 1 1 0 0 1 0 1 0	18769	1.000
0	0	2	1 1 0 1 0 1 0 1 0	10382	0.320
1	0.11102	1	1 1 0 1 0 0 0 1 0	6710	0.550
0	0	2	1 1 0 1 0 1 0 1 0	6798	0.637
1	-0.9463	0	1 1 1 1 0 0 1 1 1	36720	1.134
1	-0.18834	1	1 1 1 1 0 1 0 1 1	27507	0.919
1	-0.59583	1	1 1 0 1 0 1 0 1 0	10414	0.643
1	-0.14019	1	1 1 0 1 0 1 0 0 0	16308	0.713
0	0	3	1 0 1 0 0 1 0 1 0	48546	0.712
0	0	1	1 0 0 0 0 0 1 1 1	10318	2.318
0	0	1	1 0 1 0 0 0 1 0 1	9408	1.021
0	0	1	1 1 0 1 0 1 0 1 1	2856	0.612
0	0	0	1 1 0 1 0 0 1 0 0	2184	0.804
0	0	2	1 0 0 1 0 0 0 1 0	2250	0.898
0	0	1	1 1 0 1 0 0 0 1 1	3648	0.889
1	-0.043014	1	1 1 0 1 0 0 1 1 0	4032	0.566
0	0	3	1 1 0 1 0 1 0 1 0	1540	0.304
0	0	2	1 1 0 1 0 0 1 1 0	4150	0.598
1	-0.10548	3	1 1 0 0 0 1 0 0 0	3818	0.549
0	0	0	0 1 1 0 0 0 0 1 1	14720	0.898
0	0	2	1 1 0 1 0 1 0 0 0	4608	0.887
0	0	2	1 1 0 0 0 0 0 1 1	18904	0.978
1	-0.96991	2	1 1 0 0 0 0 0 1 1	23652	0.901
0	0	1	1 0 0 1 0 0 1 0 0	1683	0.640
0	0	2	1 0 0 1 0 0 1 0 0	1950	0.776
0	0	2	1 1 0 1 0 0 1 0 0	1802	0.635
0	0	2	1 1 1 1 1 1 0 1 0	3432	1.275
1	-0.36885	1	1 1 1 1 0 1 0 1 0	19418	1.098
1	-0.90853	2	1 1 0 0 0 1 0 1 0	8208	0.701
0	0	2	1 1 0 0 0 0 1 1 0	10600	1.061
0	0	0	1 1 0 1 0 1 0 1 1	55096	0.682
1	-0.36289	1	1 1 0 1 0 1 0 1 1	36058	0.614
0	0	2	1 1 0 1 0 1 0 1 1	31641	0.798
0	0	3	1 1 0 1 0 1 0 1 1	33784	0.795
1	-0.58961	1	1 1 0 1 0 1 0 1 1	32412	0.656
0	0	2	1 1 0 1 0 0 0 1 1	17017	0.831
1	-0.36667	1	1 1 1 1 0 0 1 1 0	7524	0.765
1	-0.40234	0	1 1 0 1 0 0 1 1 0	12625	0.806
0	0	1	1 1 1 1 0 0 1 1 0	7110	0.876
0	0	1	1 1 1 1 0 0 1 1 0	7812	1.108
1	-0.46778	0	1 1 1 0 0 1 0 1 1	24382	0.873
0	0	0	1 1 0 0 0 1 0 1 1	46292	1.747
0	0	0	1 0 1 0 0 1 0 1 0	10246	0.861
0	0	0	1 1 0 0 0 1 0 1 0	8800	0.725
0	0	2	1 0 0 0 0 1 0 1 0	18415	0.875
1	-0.0742	0	1 1 0 1 0 1 0 0 0	3233	0.867
0	0	1	1 1 1 1 0 0 0 1 0	4872	0.687
1	-0.37464	1	1 1 0 1 0 0 0 1 0	4214	0.565
0	0	1	1 1 0 1 0 0 1 1 0	4368	0.614
0	0	1	1 1 0 1 0 0 1 1 0	3010	0.609
0	0	1	1 1 0 1 0 0 0 1 0	2856	0.612
0	0	2	1 0 0 1 0 1 0 0 0	2112	0.477
1	-0.40623	2	1 1 1 1 0 1 0 1 0	3328	0.810
1	-0.55706	1	1 1 1 1 0 1 0 0 0	11692	0.531
0	0	1	1 1 0 1 0 0 0 1 0	13416	0.548
1	-0.18447	1	1 1 0 1 0 0 1 0 0	6400	0.636
1	-0.068844	2	1 1 0 1 0 1 0 1 0	20160	0.620
0	0	0	1 1 0 1 0 1 0 1 0	15334	0.435
1	-0.24067	3	1 0 0 1 0 1 0 1 0	10716	0.536
0	0	0	1 1 0 1 0 1 0 0 0	1736	0.545
1	-0.79124	0	1 1 1 1 0 1 0 1 0	8811	0.898
1	-0.80684	1	1 1 0 1 0 1 0 1 0	12032	0.732
1	-0.5681	2	1 1 1 0 0 0 1 1 1	18924	1.460
0	0	1	1 1 1 1 0 1 0 1 1	1369	1.000
0	0	1	1 1 1 1 0 0 1 1 1	1189	0.700
1	-1.1024	1	1 1 1 0 0 1 0 1 1	17000	1.707
0	0	1	1 1 0 1 0 0 1 0 0	4747	0.460
0	0	0	1 1 1 1 0 1 0 1 1	186500	0.745
0	0	2	1 1 0 1 0 0 1 1 1	35866	0.695
0	0	3	1 0 0 0 0 1 0 1 1	2738	0.493
1	0.36017	1	1 1 0 1 0 1 0 1 0	4368	0.714
1	-0.20134	0	1 1 0 1 0 1 0 1 1	11556	1.009
1	0.60127	2	1 1 0 1 0 0 0 1 0	16867	0.602
1	-0.17714	1	1 1 0 1 0 0 1 0 0	15066	0.571
0	0	0	1 1 0 1 0 0 1 0 1	22436	1.113
1	-0.98706	1	1 1 1 0 0 1 0 0 0	1634	0.881
1	-0.58158	1	1 1 0 1 1 0 0 1 0	34026	0.742
1	-0.23975	0	1 1 1 1 0 1 0 1 1	32683	0.792
0	0	1	1 1 1 1 0 1 0 1 1	16992	0.818
0	0	1	1 1 0 1 0 0 0 1 1	11484	0.852
1	-0.90483	0	0 1 1 0 0 0 0 1 1	14630	1.628
1	-0.23442	0	1 1 0 1 0 0 1 0 1	12000	0.832
1	-0.29262	2	1 1 0 1 0 0 0 1 1	20448	1.014
0	0	1	1 1 0 1 0 0 0 1 1	4300	0.576
1	0.040574	2	1 1 0 1 0 0 0 1 1	18034	0.894
0	0	1	1 1 0 1 0 1 0 1 0	1260	0.707
0	0	1	1 1 0 1 0 1 0 1 0	1287	0.842
0	0	0	1 1 0 1 0 0 1 1 0	1400	0.872
0	0	0	1 1 0 1 0 0 1 1 0	1428	0.805
1	-0.50566	2	1 1 0 1 0 0 0 1 0	16068	0.658
0	0	2	1 1 0 0 0 0 0 1 1	16128	0.776
0	0	2	1 1 0 0 0 0 1 0 1	15141	1.431
1	-0.3586	2	1 1 1 0 0 1 0 0 1	57200	0.846
0	0	0	1 1 0 1 0 1 0 1 0	10080	0.483
0	0	0	0 1 0 1 0 1 0 1 0	8246	0.462
1	0.13737	1	1 1 0 1 0 0 0 1 1	13559	0.608
1	0.29216	1	1 1 0 1 0 1 0 1 1	12193	0.647
1	-0.059497	0	1 1 0 1 0 0 1 0 0	12717	0.513
1	-0.68664	0	1 1 1 1 0 1 0 1 1	6528	0.705
1	-0.50493	1	1 1 1 0 0 1 0 0 0	155940	1.311
1	-0.010676	0	1 1 0 1 0 0 1 0 0	13635	0.746
1	-0.5962	2	1 0 1 0 0 1 0 0 0	27625	1.774
0	0	2	1 1 0 0 0 0 1 1 1	6996	1.615
1	-0.77301	2	1 1 0 0 0 0 1 1 1	18576	1.117
1	-0.75976	3	1 1 0 1 0 0 0 1 0	11520	0.552
1	-0.73558	3	1 1 0 0 0 0 1 0 0	9477	0.690
0	0	1	1 1 1 1 0 1 0 0 0	4002	0.838
0	0	0	1 1 1 1 0 1 0 1 0	1131	0.737
0	0	2	1 1 1 0 0 0 1 0 0	2288	0.843
0	0	0	1 1 1 1 0 1 0 1 0	116424	0.757
0	0	2	1 1 0 1 0 0 1 1 1	16940	1.158
0	0	2	1 1 0 1 0 0 1 1 1	9504	0.813
1	0.13941	1	1 1 0 1 0 0 1 1 1	10647	0.776
0	0	1	0 1 0 1 0 0 0 1 1	6956	0.785
1	-0.69971	2	1 1 0 1 0 1 0 1 1	105324	0.681
1	-0.59376	0	1 1 1 1 0 0 0 1 0	52437	0.983
1	-0.041992	0	1 1 1 1 0 0 1 1 0	25344	0.645
1	0.22031	0	1 1 0 1 0 0 1 1 1	36408	0.738
1	0.077453	0	1 1 0 1 0 0 1 1 1	33867	0.745
1	-0.66349	1	1 1 1 1 0 1 0 1 0	5544	0.783
0	0	1	1 1 1 1 0 1 0 1 0	4158	1.048
0	0	1	1 1 1 1 0 1 0 1 0	5893	0.854
1	-0.30234	1	1 1 1 1 0 1 0 1 0	8330	0.866
1	-1.1976	1	1 1 1 0 0 1 0 1 0	21131	0.602
1	-0.46393	1	1 1 1 0 0 1 0 1 1	12420	1.065
0	0	0	1 0 0 1 0 0 1 0 0	24034	0.617
1	-0.76103	0	1 1 1 0 0 1 0 1 1	166666	1.495
0	0	1	1 1 0 1 0 0 1 0 0	2520	0.629
0	0	1	1 1 0 1 0 1 0 0 1	3905	0.771
1	-0.92946	0	1 1 1 1 0 1 0 1 1	39312	0.908
1	-0.51722	0	1 1 1 1 0 1 0 1 1	57159	0.838
1	-0.36394	0	1 1 1 1 0 1 0 1 1	14742	1.078
0	0	2	1 1 1 1 0 0 0 1 0	9200	0.919
1	-0.42717	1	1 1 0 1 0 1 0 0 1	29028	0.478
0	0	3	1 1 0 0 0 0 1 0 0	5040	0.618
0	0	3	0 1 1 0 0 1 0 0 1	156500	1.599
1	-0.83735	1	1 1 0 1 0 0 1 1 0	5016	0.867
0	0	0	1 1 0 1 0 0 1 1 0	6768	0.763
1	0.062204	0	1 1 1 1 0 0 1 1 0	4615	0.914
0	0	2	1 1 1 0 0 0 0 1 0	3000	0.831
1	-0.43865	0	1 1 1 1 0 1 0 1 1	32955	0.866
0	0	3	1 0 0 0 0 1 0 1 0	7372	1.280
1	-0.71481	3	1 1 0 1 0 0 0 1 0	72680	0.727
0	0	2	1 1 1 0 0 1 0 1 0	26847	0.918
1	-0.66354	0	1 1 0 0 0 0 1 0 0	22644	1.034
1	-0.36192	1	1 1 0 1 0 0 0 1 1	25020	0.771
1	-0.66704	0	1 1 0 1 0 0 1 1 1	14620	0.503
0	0	2	1 1 0 0 0 1 0 1 1	9240	1.566
1	-0.57671	0	1 0 1 0 0 0 1 0 0	31244	1.469
1	-1.0683	0	1 1 0 1 0 1 0 1 1	92501	0.586
1	-0.91029	1	1 1 1 0 0 0 0 1 1	20711	0.932
0	0	0	1 1 1 0 0 1 0 1 1	55145	0.761
0	0	1	1 1 0 1 0 0 1 0 0	6342	0.273
1	0.42849	0	1 1 1 1 0 1 0 1 1	49686	0.665
1	-0.59322	0	1 1 0 1 0 0 1 1 1	22479	1.397
0	0	0	1 1 0 1 0 1 0 0 1	20470	0.644
0	0	1	1 1 0 1 0 1 0 1 0	13158	0.559
1	-0.47914	2	1 1 0 1 0 1 0 1 0	28462	0.620
0	0	0	1 1 0 1 0 1 0 1 1	88374	0.925
0	0	1	1 1 0 1 0 1 0 1 0	4224	1.032
0	0	1	1 1 0 1 0 1 0 1 1	5994	0.912
1	-0.67936	1	1 1 0 1 0 1 0 1 1	7462	0.900
0	0	1	1 1 0 1 0 1 0 1 0	3074	0.912
0	0	1	1 1 0 0 0 1 0 1 1	5994	0.912
0	0	0	1 1 0 1 0 1 0 1 1	7209	0.909
0	0	0	1 1 1 1 0 1 0 0 0	5450	0.454
0	0	0	1 1 1 1 0 1 0 0 0	6762	0.701
0	0	2	1 1 0 1 0 0 0 1 0	3906	1.016
0	0	0	1 1 1 0 0 0 0 1 1	56170	1.338
1	-0.67082	2	1 0 0 1 0 0 1 1 0	8614	1.625
1	-0.18571	2	1 1 1 0 0 0 1 1 1	9360	1.157
1	-0.47648	3	1 1 0 1 0 1 0 1 1	11248	0.510
1	-1.1705	2	1 0 1 0 0 1 0 1 0	70380	1.083
0	0	1	1 1 1 0 0 0 0 1 1	16065	0.881
1	-0.051561	1	1 1 0 1 0 0 0 1 1	8550	0.655
1	0.085669	0	1 1 0 1 0 0 1 0 0	8640	0.597
0	0	2	1 1 1 0 0 0 0 1 1	11696	1.588
1	0.098731	0	1 1 1 1 0 1 0 1 1	8514	0.867
1	-0.54153	1	1 1 1 0 0 1 0 0 0	19250	0.810
1	-0.22526	0	1 1 0 0 0 0 0 1 0	8505	0.769
1	-0.26913	2	1 1 0 0 0 1 0 0 0	8798	0.781
0	0	1	1 1 1 0 0 1 0 1 0	73944	0.740
0	0	2	1 1 0 1 0 0 0 1 1	11115	0.376
0	0	0	1 1 1 0 0 1 0 1 1	16200	0.615
1	-0.27955	2	1 0 1 0 0 1 0 1 1	27745	1.156
1	-0.87491	1	1 1 0 1 0 0 1 1 1	60784	0.885
0	0	1	1 1 0 1 0 0 1 1 0	17388	0.669
1	0.39986	0	1 1 0 1 0 0 1 1 0	16837	0.757
0	0	2	1 0 0 1 0 0 1 1 0	7920	0.450
0	0	2	1 0 0 1 0 0 1 1 0	5236	0.364
0	0	2	1 1 0 1 0 0 1 1 0	9648	0.462
0	0	3	1 0 0 0 0 0 0 1 1	8436	0.682
0	0	0	1 1 1 1 0 0 0 1 1	97565	1.602
1	-0.49726	1	1 1 0 1 0 0 1 1 1	25972	0.877
0	0	2	1 1 0 1 0 1 0 1 0	12580	0.364
0	0	1	1 1 0 0 0 0 1 1 1	15678	0.872
0	0	1	1 1 1 1 0 1 0 1 1	6688	0.862
0	0	1	1 1 0 1 0 0 1 1 0	5865	0.810
0	0	1	1 0 0 0 0 0 1 0 0	5610	1.292
0	0	1	1 1 0 0 0 0 1 1 1	183500	1.363
1	-0.94521	2	1 1 0 0 0 1 0 0 0	104580	1.054
0	0	0	1 1 1 0 0 0 1 1 1	40320	2.065
0	0	0	0 1 1 1 0 1 0 1 1	14690	0.868
0	0	0	0 1 0 1 0 0 0 1 0	19375	0.805
0	0	0	1 1 0 1 0 0 1 1 1	39270	0.890
0	0	2	1 1 0 1 0 1 0 1 1	6300	0.626
0	0	2	1 0 0 1 0 1 0 1 0	2581	0.318
1	0.5121	0	1 1 0 1 0 0 1 1 1	7597	0.660
1	-0.79193	2	1 1 1 0 0 1 0 1 1	42218	1.035
1	-0.67706	2	1 1 1 1 0 0 0 1 1	48756	1.172
0	0	0	1 1 0 1 0 1 0 0 0	4746	0.366
1	0.019524	0	1 1 0 1 0 0 1 1 0	11921	0.692
0	0	0	1 1 0 0 0 0 0 1 1	21235	1.132
0	0	2	1 1 1 0 0 1 0 0 1	172875	1.230
0	0	1	1 1 1 0 0 0 0 1 1	12500	1.253
1	-0.12039	1	1 1 0 0 0 0 1 1 1	17920	0.914
1	-0.65104	1	1 0 0 0 0 0 1 1 1	13216	0.949
1	-0.84068	1	1 1 0 1 0 0 0 1 1	3510	0.571
1	0.19671	1	1 1 0 1 0 1 0 1 1	24130	0.667
1	0.38073	1	1 1 0 1 0 0 1 1 0	7722	0.786
1	-0.29033	0	1 1 0 1 0 0 1 1 0	5005	0.600
0	0	2	1 1 0 1 0 0 1 1 0	4980	0.720
0	0	1	1 1 0 1 0 0 1 1 1	11039	0.621
1	-0.32775	1	1 1 0 1 0 0 1 1 1	12423	0.820
1	-0.60377	1	1 1 0 1 0 0 0 1 1	9804	0.752
0	0	1	1 1 1 1 0 1 0 1 0	3538	0.950
0	0	1	1 1 0 1 0 0 0 1 0	5368	0.690
0	0	2	1 1 0 0 0 1 0 1 1	4565	0.659
0	0	1	1 1 1 0 0 1 0 1 1	25920	1.013
0	0	3	1 0 0 0 0 1 0 0 0	9317	0.633
1	-0.48521	0	1 0 0 1 0 0 1 0 0	7906	0.564
1	0.30686	1	1 1 1 1 0 0 0 1 1	11880	0.679
0	0	3	1 0 1 0 0 0 0 1 0	15390	0.843
